1775626107038 0.011970593999649282 1
1775626107294 0.008185175000107847 2
1775626107483 0.01786943699880794 3
1775626107640 0.011012339000444626 4
1775626107805 0.011693477999870083 5
1775626107984 0.011500567001348827 6
1775626108234 0.007867456999520073 7
1775626108406 0.013426079000055324 8
1775626108565 0.007512735999625875 9
1775626108817 0.0165482600004907 10
1775626108974 0.007030107999526081 11
1775626109148 0.009384244000102626 12
1775626109311 0.010941135000393842 13
1775626109480 0.008707304999916232 14
1775626109635 0.00864570200064918 15
1775626109827 0.007147414999053581 16
1775626109991 0.008182273999409517 17
1775626110240 0.0101038860011613 18
1775626110508 0.01307545800045773 19
1775626110673 0.01569080999979633 20
1775626110835 0.014581559000362176 21
1775626110989 0.01614675100063323 22
1775626111142 0.0075978470013069455 23
1775626111297 0.01014869800019369 24
1775626111491 0.006903407000208972 25
1775626111863 0.006803200998547254 26
1775626112061 0.014826073000222095 27
1775626112248 0.007242526999107213 28
1775626112438 0.00789146500028437 29
1775626112796 0.02434743400044681 30
1775626113005 0.01686269300080312 31
1775626113178 0.016640279998682672 32
1775626113449 0.007698852999965311 33
1775626113638 0.007221425999887288 34
1775626113874 0.007156421999752638 35
1775626114067 0.013044768000327167 36
1775626114212 0.00772185500136402 37
1775626114383 0.01632336100010434 38
1775626114541 0.007494842000596691 39
1775626114701 0.013069870001345407 40
1775626114977 0.005906648000745918 41
1775626115191 0.012180516998341773 42
1775626115381 0.009253444999558269 43
1775626115567 0.017446627000026638 44
1775626115729 0.011069551999753457 45
1775626115882 0.010087295000630547 46
1775626116048 0.009587463999196189 47
1775626116215 0.006785000001400476 48
1775626116455 0.013316685000972939 49
1775626116619 0.006772198999897228 50
