1775626107038 -1.133070707321167 1
1775626107294 -2.5343844890594482 2
1775626107483 -2.301801919937134 3
1775626107640 -7.498594760894775 4
1775626107805 -12.548413276672363 5
1775626107984 -9.4295072555542 6
1775626108234 -11.03856086730957 7
1775626108406 -20.37807846069336 8
1775626108565 -26.110502243041992 9
1775626108817 -23.14580726623535 10
1775626108974 -34.61965560913086 11
1775626109148 -50.557411193847656 12
1775626109311 -39.18760299682617 13
1775626109480 -39.77227020263672 14
1775626109635 -44.095218658447266 15
1775626109827 -63.32784652709961 16
1775626109991 -64.02240753173828 17
1775626110240 -87.53687286376953 18
1775626110508 -92.25582122802734 19
1775626110673 -101.87832641601562 20
1775626110835 -122.47290802001953 21
1775626110989 -117.53498840332031 22
1775626111142 -126.11460876464844 23
1775626111297 -159.77442932128906 24
1775626111491 -122.7530517578125 25
1775626111863 -154.41793823242188 26
1775626112061 -141.12757873535156 27
1775626112248 -233.03021240234375 28
1775626112438 -189.18556213378906 29
1775626112796 -194.17599487304688 30
1775626113005 -184.67916870117188 31
1775626113178 -158.39903259277344 32
1775626113449 -345.82843017578125 33
1775626113638 -324.39752197265625 34
1775626113874 -308.3919677734375 35
1775626114067 -356.6962890625 36
1775626114212 -421.4401550292969 37
1775626114383 -332.3146057128906 38
1775626114541 -536.4288330078125 39
1775626114701 -464.1468505859375 40
1775626114977 -481.555908203125 41
1775626115191 -463.1247253417969 42
1775626115381 -749.8760375976562 43
1775626115567 -714.5350952148438 44
1775626115729 -567.4237060546875 45
1775626115882 -713.08203125 46
1775626116048 -565.460205078125 47
1775626116215 -672.3552856445312 48
1775626116455 -805.809326171875 49
1775626116619 -423.2803649902344 50
