1775626332080 0.02160365800045838 1
1775626332266 0.021919075999903725 2
1775626332426 0.024901450000470504 3
1775626332573 0.019999465001092176 4
1775626332921 0.011195152001164388 5
1775626333161 0.018450773999575176 6
1775626333315 0.016547163999348413 7
1775626333498 0.017010490000757272 8
1775626333677 0.008703507000973332 9
1775626333822 0.012562231000629254 10
1775626333950 0.016704072999345954 11
1775626334079 0.017663929000264034 12
1775626334239 0.016934585999479168 13
1775626334376 0.011822187998404843 14
1775626334509 0.014208927999789012 15
1775626334647 0.015536104998318478 16
1775626334788 0.012826247000703006 17
1775626334921 0.010448408000229392 18
1775626335054 0.009632261000660947 19
1775626335211 0.014498237000225345 20
1775626335402 0.018418763998852228 21
1775626335544 0.018422965000354452 22
1775626335675 0.010177987998758908 23
1775626335848 0.017437607999454485 24
1775626335981 0.016273739998723613 25
1775626336114 0.017697922001389088 26
1775626336244 0.013455377000354929 27
1775626336383 0.01796703800027899 28
1775626336515 0.015837315000680974 29
1775626336672 0.018317657999432413 30
1775626336830 0.009036921999722836 31
1775626336986 0.01793733599879488 32
1775626337145 0.019043099999180413 33
1775626337279 0.017558714000188047 34
1775626337406 0.017177892999825417 35
1775626337539 0.01657635800074786 36
1775626337677 0.011427961000663345 37
1775626337804 0.0116260719987622 38
1775626337923 0.014922862999810604 39
1775626338171 0.01552919700043276 40
1775626338318 0.014329228000860894 41
1775626338438 0.009722861999762245 42
1775626338576 0.014910261001205072 43
1775626338710 0.01821335199929308 44
1775626338843 0.017856130998552544 45
1775626338973 0.014515339000354288 46
1775626339106 0.01225860799968359 47
1775626339240 0.018334759000936174 48
1775626339376 0.019174307999492157 49
1775626339508 0.014226621999114286 50
