1775626332080 3.2005178928375244 1
1775626332266 0.755753219127655 2
1775626332426 0.8366895318031311 3
1775626332573 3.7371835708618164 4
1775626332921 0.5120410919189453 5
1775626333161 0.3477170169353485 6
1775626333315 -0.2001941204071045 7
1775626333498 0.9934451580047607 8
1775626333677 -1.45840585231781 9
1775626333822 0.18259304761886597 10
1775626333950 -0.5313799381256104 11
1775626334079 -0.5820615291595459 12
1775626334239 -1.023818850517273 13
1775626334376 -2.667881965637207 14
1775626334509 -2.2418906688690186 15
1775626334647 -0.5606647729873657 16
1775626334788 -1.4458307027816772 17
1775626334921 -2.316143751144409 18
1775626335054 -2.1080214977264404 19
1775626335211 -0.9006835222244263 20
1775626335402 -1.5867730379104614 21
1775626335544 -1.490482211112976 22
1775626335675 -1.9913227558135986 23
1775626335848 -3.4828109741210938 24
1775626335981 -4.595311641693115 25
1775626336114 -4.40505313873291 26
1775626336244 -2.8906686305999756 27
1775626336383 -5.50875186920166 28
1775626336515 -5.560168266296387 29
1775626336672 -4.941099166870117 30
1775626336830 -4.1949872970581055 31
1775626336986 -3.466913938522339 32
1775626337145 -7.1544389724731445 33
1775626337279 -7.917665958404541 34
1775626337406 -16.003934860229492 35
1775626337539 -17.061790466308594 36
1775626337677 -5.577920436859131 37
1775626337804 -9.98497200012207 38
1775626337923 -13.574223518371582 39
1775626338171 -7.561535358428955 40
1775626338318 -9.104817390441895 41
1775626338438 -11.266520500183105 42
1775626338576 -9.43974494934082 43
1775626338710 -20.537105560302734 44
1775626338843 -12.510054588317871 45
1775626338973 -16.85565185546875 46
1775626339106 -20.645103454589844 47
1775626339240 -22.37575912475586 48
1775626339376 -30.850223541259766 49
1775626339508 -26.521343231201172 50
