1775626120537 0.006046851000064635 1
1775626120701 0.006037350000042352 2
1775626120860 0.008412687000600272 3
1775626121026 0.0063720699999976205 4
1775626121409 0.010495907999938936 5
1775626121588 0.005838438999489881 6
1775626121839 0.006049249999705353 7
1775626122019 0.016742170999350492 8
1775626122191 0.008935817999372375 9
1775626122332 0.006849596999018104 10
1775626122613 0.011771682000471628 11
1775626122940 0.006344167999486672 12
1775626123154 0.006158156998935738 13
1775626123324 0.006347967999317916 14
1775626123476 0.0100911850004195 15
1775626123620 0.006315165999694727 16
1775626123801 0.005899442001464195 17
1775626124030 0.006168257999888738 18
1775626124177 0.006347368000206188 19
1775626124368 0.006301265999354655 20
1775626124602 0.01101083799949265 21
1775626124753 0.008877915000994108 22
1775626124940 0.010613615000693244 23
1775626125100 0.01234761600062484 24
1775626125254 0.015282586000466836 25
1775626125421 0.014563144000931061 26
1775626125567 0.005869841001185705 27
1775626125735 0.011464464998425683 28
1775626126003 0.01654525899903092 29
1775626126212 0.011430962000304135 30
1775626126370 0.011770482999054366 31
1775626126525 0.006211460000486113 32
1775626126679 0.006821095999839599 33
1775626126857 0.006036025999492267 34
1775626127015 0.008024032998946495 35
1775626127184 0.015378330001112772 36
1775626127354 0.010593371000140905 37
1775626127588 0.012878793999334448 38
1775626127744 0.008321549001266249 39
1775626127897 0.013080606000585249 40
1775626128062 0.011182202999407309 41
1775626128216 0.0077335169989964925 42
1775626128438 0.009926835000442225 43
1775626128599 0.006048126000678167 44
1775626128756 0.007992131000719382 45
1775626129096 0.010424762000184273 46
1775626129256 0.007921627000541775 47
1775626129441 0.005745610000303714 48
1775626129659 0.006055827001546277 49
1775626129927 0.01430677200005448 50
