1775626120537 -2.226533889770508 1
1775626120701 2.2341866493225098 2
1775626120860 2.5326685905456543 3
1775626121026 -10.579779624938965 4
1775626121409 8.579557418823242 5
1775626121588 -3.637439489364624 6
1775626121839 0.9899695515632629 7
1775626122019 -3.957650661468506 8
1775626122191 -4.1656718254089355 9
1775626122332 -0.4504450261592865 10
1775626122613 -5.8186421394348145 11
1775626122940 -13.654312133789062 12
1775626123154 10.154535293579102 13
1775626123324 -7.544200420379639 14
1775626123476 -14.175877571105957 15
1775626123620 -1.9822150468826294 16
1775626123801 -15.194178581237793 17
1775626124030 -7.555492877960205 18
1775626124177 -13.074614524841309 19
1775626124368 -8.523426055908203 20
1775626124602 -11.247872352600098 21
1775626124753 -18.378847122192383 22
1775626124940 -6.5026535987854 23
1775626125100 -8.112053871154785 24
1775626125254 -19.663938522338867 25
1775626125421 -16.797252655029297 26
1775626125567 -8.519219398498535 27
1775626125735 -7.258081912994385 28
1775626126003 -15.593586921691895 29
1775626126212 -16.854280471801758 30
1775626126370 -20.047998428344727 31
1775626126525 -22.124197006225586 32
1775626126679 -19.3378963470459 33
1775626126857 -23.436832427978516 34
1775626127015 -18.049436569213867 35
1775626127184 -20.367082595825195 36
1775626127354 -17.128490447998047 37
1775626127588 -24.734033584594727 38
1775626127744 -17.944242477416992 39
1775626127897 -22.793603897094727 40
1775626128062 -31.327425003051758 41
1775626128216 -13.661554336547852 42
1775626128438 -20.398584365844727 43
1775626128599 -20.272506713867188 44
1775626128756 -14.423046112060547 45
1775626129096 -25.06028938293457 46
1775626129256 -12.783493041992188 47
1775626129441 -37.76296615600586 48
1775626129659 -29.401473999023438 49
1775626129927 -24.330907821655273 50
