1775626246805 0.015559311001197784 1
1775626246966 0.007061714000883512 2
1775626247176 0.007110001000910415 3
1775626247309 0.008613985999545548 4
1775626247437 0.0074398199994902825 5
1775626247565 0.012477803998990566 6
1775626247698 0.014476217000265024 7
1775626247834 0.014419713999814121 8
1775626247966 0.015890197000771877 9
1775626248094 0.014399813000636641 10
1775626248227 0.013094239000565722 11
1775626248360 0.010085969001011108 12
1775626248493 0.012599710998983937 13
1775626248648 0.015643782999177347 14
1775626248784 0.016120109999974375 15
1775626248878 0.016273818000627216 16
1775626248971 0.01339115599876095 17
1775626249120 0.016949257000305806 18
1775626249216 0.0069351909987744875 19
1775626249320 0.00983175499823119 20
1775626249416 0.012879626998255844 21
1775626249513 0.007242208999741706 22
1775626249676 0.013947986999482964 23
1775626249773 0.010684402999686426 24
1775626249867 0.010386186999312486 25
1775626249984 0.014528620000419323 26
1775626250117 0.020583361998433247 27
1775626250254 0.00954533900039678 28
1775626250393 0.013544864999857964 29
1775626250515 0.007458021000275039 30
1775626250648 0.0067119790001015645 31
1775626250777 0.0075994290000380715 32
1775626250911 0.009664044999226462 33
1775626251039 0.012379698999211541 34
1775626251169 0.008774294999966514 35
1775626251387 0.017099165001127403 36
1775626251522 0.006336258000374073 37
1775626251651 0.01317674299934879 38
1775626251783 0.00747282200063637 39
1775626251915 0.009698447000118904 40
1775626252041 0.010590697998850374 41
1775626252165 0.012318794999373495 42
1775626252387 0.01705996300006518 43
1775626252526 0.013362453999434365 44
1775626252719 0.029998993000845076 45
1775626252913 0.014393912000741693 46
1775626253059 0.007461422001142637 47
1775626253182 0.006644274999416666 48
1775626253358 0.007195105999926454 49
1775626253509 0.007777839000482345 50
