1775626246805 7.072033882141113 1
1775626246966 -8.52029037475586 2
1775626247176 -17.072826385498047 3
1775626247309 -24.321624755859375 4
1775626247437 -40.973976135253906 5
1775626247565 -46.30936050415039 6
1775626247698 -74.92874908447266 7
1775626247834 -80.77850341796875 8
1775626247966 -103.53327941894531 9
1775626248094 -164.41073608398438 10
1775626248227 -167.8609161376953 11
1775626248360 -218.2683563232422 12
1775626248493 -229.00001525878906 13
1775626248648 -246.5257568359375 14
1775626248784 -348.6586608886719 15
1775626248878 -398.509033203125 16
1775626248971 -442.8189697265625 17
1775626249120 -495.7164306640625 18
1775626249216 -574.630859375 19
1775626249320 -643.1351318359375 20
1775626249416 -703.2110595703125 21
1775626249513 -789.2781372070312 22
1775626249676 -1007.0691528320312 23
1775626249773 -1046.34521484375 24
1775626249867 -1134.0533447265625 25
1775626249984 -1114.59228515625 26
1775626250117 -1475.8804931640625 27
1775626250254 -1529.7249755859375 28
1775626250393 -1715.205322265625 29
1775626250515 -1667.640625 30
1775626250648 -1872.1356201171875 31
1775626250777 -2258.127197265625 32
1775626250911 -2713.4873046875 33
1775626251039 -2517.004638671875 34
1775626251169 -2758.167236328125 35
1775626251387 -4215.0625 36
1775626251522 -3587.54296875 37
1775626251651 -3734.525390625 38
1775626251783 -4625.44970703125 39
1775626251915 -4373.59228515625 40
1775626252041 -4649.7255859375 41
1775626252165 -5324.39306640625 42
1775626252387 -5770.83447265625 43
1775626252526 -6891.56591796875 44
1775626252719 -5620.23486328125 45
1775626252913 -6184.9423828125 46
1775626253059 -7535.25048828125 47
1775626253182 -9289.7978515625 48
1775626253358 -8265.2353515625 49
1775626253509 -8413.5703125 50
