1774989699984 0.23709787800180493 1
1774989700450 0.17212678600117215 2
1774989700670 0.10960406300000614 3
1774989700889 0.11186453499976778 4
1774989701163 0.14413774700005888 5
1774989701452 0.17286037099984242 6
1774989701769 0.19166816900178674 7
1774989702047 0.14689719299713033 8
1774989702310 0.12893414100108203 9
1774989702645 0.1974165739993623 10
1774989703075 0.16303555000195047 11
1774989703367 0.14057845799834467 12
1774989703646 0.15084040300280321 13
1774989703877 0.11460748000172316 14
1774989704143 0.1504754839988891 15
1774989704346 0.09680203600146342 16
1774989704557 0.10280755500207306 17
1774989704734 0.08863630300038494 18
1774989704908 0.08447318100297707 19
1774989705079 0.08655169200210366 20
1774989705253 0.07870267599719227 21
1774989705429 0.0892800370020268 22
1774989705601 0.08676820300024701 23
1774989705765 0.07791933399857953 24
1774989705935 0.08239627099828795 25
1774989706125 0.09651722000126028 26
1774989706321 0.09599449300003471 27
1774989706500 0.08461038899986306 28
1774989706690 0.08859030000166968 29
1774989706875 0.09377987499829032 30
1774989707133 0.10765361200174084 31
1774989707310 0.08310951000021305 32
1774989707486 0.09046309999757796 33
1774989707734 0.08065867900222656 34
1774989707992 0.14333260400235304 35
1774989708408 0.18343473200002336 36
1774989708690 0.1365691409991996 37
1774989708919 0.10166668500096421 38
1774989709118 0.10083614099858096 39
1774989709305 0.09414548600034323 40
1774989709514 0.1127720730000874 41
1774989709714 0.0839327459980268 42
1774989709896 0.08740463000140153 43
1774989710132 0.12093400600133464 44
1774989710367 0.09801439099828713 45
1774989710567 0.10663204900265555 46
1774989710742 0.08716361699771369 47
1774989710948 0.09683722999761812 48
1774989711146 0.09890183899915428 49
1774989711328 0.08396024800094892 50
