1774989699984 6122657.942307692 1
1774989700450 3742398.1634615385 2
1774989700670 2635416.201923077 3
1774989700889 2599477.173076923 4
1774989701163 2156042.5384615385 5
1774989701452 1823082.9795673077 6
1774989701769 1745676.0264423077 7
1774989702047 1597766.6634615385 8
1774989702310 1606015.8942307692 9
1774989702645 1227778.7307692308 10
1774989703075 1048204.1033653846 11
1774989703367 822584.4230769231 12
1774989703646 725718.9519230769 13
1774989703877 509083.17307692306 14
1774989704143 522105.98076923075 15
1774989704346 480942.09014423075 16
1774989704557 338194.7139423077 17
1774989704734 431268.63641826925 18
1774989704908 359784.0180288461 19
1774989705079 248829.8798076923 20
1774989705253 258949.81490384616 21
1774989705429 176575.74939903847 22
1774989705601 139903.9071514423 23
1774989705765 147482.82752403847 24
1774989705935 111701.81535456731 25
1774989706125 100496.92863581731 26
1774989706321 84831.83939302884 27
1774989706500 52546.50112680288 28
1774989706690 63982.12311260517 29
1774989706875 81544.22763296273 30
1774989707133 36764.607609675484 31
1774989707310 37605.48225285457 32
1774989707486 29595.054443359375 33
1774989707734 39357.74049729567 34
1774989707992 33500.929654634914 35
1774989708408 29545.673461914062 36
1774989708690 26489.082613431492 37
1774989708919 31107.880164513223 38
1774989709118 15413.428114670973 39
1774989709305 8551.50530066857 40
1774989709514 20547.150986891527 41
1774989709714 8251.925372783955 42
1774989709896 4025.103745680589 43
1774989710132 20576.36454655574 44
1774989710367 4659.9759192833535 45
1774989710567 5700.489375187801 46
1774989710742 13489.768835214469 47
1774989710948 10838.563089224008 48
1774989711146 3523.6496027432954 49
1774989711328 7346.905447152944 50
