1775626181011 0.006642588999966392 1
1775626181532 0.011234757999773137 2
1775626181716 0.00906183000006422 3
1775626181983 0.01210610800080758 4
1775626182171 0.006800698000006378 5
1775626182329 0.008738910999454674 6
1775626182522 0.00649587999942014 7
1775626183017 0.0077464419991883915 8
1775626183285 0.00820276800004649 9
1775626183476 0.013350762999834842 10
1775626183794 0.008037259000047925 11
1775626184052 0.015670095999666955 12
1775626184220 0.006164151998746092 13
1775626184369 0.007224512000902905 14
1775626184553 0.006299759999819798 15
1775626184835 0.006130449999545817 16
1775626185197 0.0059836419986822875 17
1775626185383 0.006569974999365513 18
1775626185562 0.0058524340001895325 19
1775626185757 0.009138921999692684 20
1775626185957 0.0060838469998998335 21
1775626186132 0.009727755999847432 22
1775626186317 0.005959940999673563 23
1775626186720 0.006128651000835816 24
1775626186913 0.005600520000371034 25
1775626187117 0.006344461999105988 26
1775626187404 0.007199411000328837 27
1775626187586 0.006254156998693361 28
1775626187792 0.017623306999666966 29
1775626188014 0.014415824000025168 30
1775626188203 0.006367963000229793 31
1775626188508 0.006575175999387284 32
1775626188706 0.007555231999504031 33
1775626188963 0.015358777000074042 34
1775626189172 0.014943353000489878 35
1775626189336 0.015652095000405097 36
1775626189516 0.012800231999790412 37
1775626189693 0.013840490000802674 38
1775626189875 0.014117606000581873 39
1775626190157 0.005870036000487744 40
1775626190329 0.014924652001354843 41
1775626190508 0.008468983998682234 42
1775626190680 0.007698240000536316 43
1775626190840 0.010329689999707625 44
1775626191008 0.012155097001596005 45
1775626191179 0.011174040999321733 46
1775626191355 0.008813606000330765 47
1775626191638 0.007603935999213718 48
1775626191865 0.006168754000100307 49
1775626192028 0.00651157299944316 50
