1775626181011 -2.1317667961120605 1
1775626181532 -3.912437915802002 2
1775626181716 -5.014954090118408 3
1775626181983 -4.574428558349609 4
1775626182171 -5.209127426147461 5
1775626182329 -3.946464776992798 6
1775626182522 -4.578925132751465 7
1775626183017 -8.075308799743652 8
1775626183285 -6.117447853088379 9
1775626183476 -7.7195234298706055 10
1775626183794 -8.256590843200684 11
1775626184052 -7.628302574157715 12
1775626184220 -9.139778137207031 13
1775626184369 -8.222709655761719 14
1775626184553 -8.577028274536133 15
1775626184835 -10.003021240234375 16
1775626185197 -10.439278602600098 17
1775626185383 -10.626977920532227 18
1775626185562 -13.105696678161621 19
1775626185757 -14.564360618591309 20
1775626185957 -12.886713981628418 21
1775626186132 -11.630220413208008 22
1775626186317 -14.527695655822754 23
1775626186720 -15.618452072143555 24
1775626186913 -14.54711627960205 25
1775626187117 -17.491878509521484 26
1775626187404 -18.273120880126953 27
1775626187586 -19.372005462646484 28
1775626187792 -16.95032501220703 29
1775626188014 -17.878625869750977 30
1775626188203 -20.25758171081543 31
1775626188508 -18.418140411376953 32
1775626188706 -20.041099548339844 33
1775626188963 -21.246055603027344 34
1775626189172 -22.043743133544922 35
1775626189336 -19.62812042236328 36
1775626189516 -23.705883026123047 37
1775626189693 -23.631149291992188 38
1775626189875 -26.482759475708008 39
1775626190157 -23.63370132446289 40
1775626190329 -20.46198844909668 41
1775626190508 -25.220029830932617 42
1775626190680 -21.180713653564453 43
1775626190840 -25.041015625 44
1775626191008 -28.79109001159668 45
1775626191179 -27.20538330078125 46
1775626191355 -27.377540588378906 47
1775626191638 -28.35367202758789 48
1775626191865 -32.52930450439453 49
1775626192028 -28.928293228149414 50
