1775626210370 0.016367048001484363 1
1775626210696 0.021409640001365915 2
1775626210858 0.01896999800010235 3
1775626211004 0.013030653999521746 4
1775626211185 0.00964955799827294 5
1775626211362 0.014851358999294462 6
1775626211546 0.019405323999308166 7
1775626211756 0.016661264999129344 8
1775626211939 0.01705538700116449 9
1775626212292 0.016671265000695712 10
1775626213483 0.019177610000042478 11
1775626213702 0.01600632699955895 12
1775626213854 0.018089446999510983 13
1775626214122 0.009295838000980439 14
1775626214490 0.020586392000041087 15
1775626214683 0.01188578799883544 16
1775626214861 0.015706510001109564 17
1775626215027 0.01835965800091799 18
1775626215197 0.016465749000417418 19
1775626215370 0.012910244000522653 20
1775626215620 0.019111902000076952 21
1775626215780 0.011685372999636456 22
1775626215972 0.018159446999561624 23
1775626216176 0.017544012000143994 24
1775626216418 0.019114602999252384 25
1775626216573 0.011362355000528623 26
1775626216736 0.01980454099975759 27
1775626216923 0.015873915999691235 28
1775626217088 0.010513806000744808 29
1775626217246 0.00990017100048135 30
1775626217450 0.009161328000118374 31
1775626217645 0.017212393000590964 32
1775626217804 0.013889900999856764 33
1775626217978 0.019834244001685875 34
1775626218137 0.011731577000318794 35
1775626218303 0.01613443099995493 36
1775626218588 0.020006354001452564 37
1775626218834 0.013472976999764796 38
1775626219056 0.01814274599928467 39
1775626219221 0.0181256449995999 40
1775626219373 0.017194391999510117 41
1775626219537 0.012193503000162309 42
1775626219808 0.014686346999951638 43
1775626219969 0.008219773999371682 44
1775626220105 0.014337526999952388 45
1775626220245 0.019577328001105343 46
1775626220396 0.018624973999976646 47
1775626220529 0.008377882999411668 48
1775626220675 0.01686877199972514 49
1775626220945 0.01317545999881986 50
