1775626210370 -0.29637324810028076 1
1775626210696 1.8884167671203613 2
1775626210858 0.7069482207298279 3
1775626211004 0.3900794982910156 4
1775626211185 -0.8389613628387451 5
1775626211362 -0.0416373610496521 6
1775626211546 -0.20357505977153778 7
1775626211756 -0.7153141498565674 8
1775626211939 -0.6417540311813354 9
1775626212292 -0.7979048490524292 10
1775626213483 -1.670426845550537 11
1775626213702 -1.880149006843567 12
1775626213854 -1.999584674835205 13
1775626214122 -0.8437128067016602 14
1775626214490 -3.5598583221435547 15
1775626214683 -3.213139295578003 16
1775626214861 -0.3793346881866455 17
1775626215027 -2.672485113143921 18
1775626215197 -0.9979447722434998 19
1775626215370 -1.3350086212158203 20
1775626215620 -1.74187171459198 21
1775626215780 -5.249546527862549 22
1775626215972 -4.60983419418335 23
1775626216176 -4.046173572540283 24
1775626216418 -2.4679665565490723 25
1775626216573 -5.793392181396484 26
1775626216736 -5.5597124099731445 27
1775626216923 -4.500129699707031 28
1775626217088 -5.017996311187744 29
1775626217246 -14.715246200561523 30
1775626217450 -12.475013732910156 31
1775626217645 -5.9909186363220215 32
1775626217804 -12.30909538269043 33
1775626217978 -14.220731735229492 34
1775626218137 -9.213312149047852 35
1775626218303 -13.262133598327637 36
1775626218588 -12.950918197631836 37
1775626218834 -27.5352840423584 38
1775626219056 -14.417134284973145 39
1775626219221 -15.128671646118164 40
1775626219373 -22.670122146606445 41
1775626219537 -27.028560638427734 42
1775626219808 -12.779250144958496 43
1775626219969 -18.637653350830078 44
1775626220105 -25.20563316345215 45
1775626220245 -25.495723724365234 46
1775626220396 -19.926362991333008 47
1775626220529 -26.60557746887207 48
1775626220675 -28.25962257385254 49
1775626220945 -30.843605041503906 50
