1775626278874 0.013777774998743553 1
1775626279021 0.009430629999769735 2
1775626279147 0.013284930000736495 3
1775626279287 0.006674166999800946 4
1775626279437 0.006836475999079994 5
1775626279569 0.006782672000554157 6
1775626279695 0.007072489001075155 7
1775626279850 0.007146693000322557 8
1775626279983 0.006906479999088333 9
1775626280108 0.009181605000776472 10
1775626280235 0.01018516000112868 11
1775626280370 0.0125043869993533 12
1775626280506 0.006859277000330621 13
1775626280689 0.015603357000145479 14
1775626280843 0.016724319000786636 15
1775626280981 0.010113256001204718 16
1775626281101 0.007601317998705781 17
1775626281212 0.008974692998890532 18
1775626281362 0.008538768999642343 19
1775626281502 0.0070224860010057455 20
1775626281669 0.006933781000043382 21
1775626281806 0.011816049000117346 22
1775626281979 0.014651204999609035 23
1775626282145 0.015100430000529741 24
1775626282276 0.015037226999993436 25
1775626282402 0.015569855000649113 26
1775626282529 0.015753666000819067 27
1775626282683 0.015249338001012802 28
1775626282955 0.015647759999410482 29
1775626283081 0.00708398999995552 30
1775626283205 0.016100684999400983 31
1775626283424 0.009941046000676579 32
1775626283547 0.006903379999130266 33
1775626283686 0.014986123000198859 34
1775626283813 0.008329756999955862 35
1775626283938 0.0141775800002506 36
1775626284065 0.007215997000457719 37
1775626284195 0.0069573820001096465 38
1775626284326 0.007528912999987369 39
1775626284453 0.014210481000191066 40
1775626284584 0.005734714999562129 41
1775626284711 0.007338004001212539 42
1775626284848 0.00710859100036032 43
1775626285036 0.01717954500054475 44
1775626285167 0.01234487800138595 45
1775626285302 0.016801322999526747 46
1775626285436 0.012479086000894313 47
1775626285603 0.012692697000602493 48
1775626285801 0.01592467500086059 49
1775626285959 0.006830775000707945 50
