1775626278874 1.5811973810195923 1
1775626279021 -0.9949220418930054 2
1775626279147 -2.2389848232269287 3
1775626279287 -3.2863712310791016 4
1775626279437 -5.202047824859619 5
1775626279569 -6.6885881423950195 6
1775626279695 -7.225404739379883 7
1775626279850 -8.64521598815918 8
1775626279983 -11.19324016571045 9
1775626280108 -8.881176948547363 10
1775626280235 -13.522279739379883 11
1775626280370 -15.355121612548828 12
1775626280506 -21.77263641357422 13
1775626280689 -19.617944717407227 14
1775626280843 -25.396896362304688 15
1775626280981 -28.18511390686035 16
1775626281101 -29.991832733154297 17
1775626281212 -28.703998565673828 18
1775626281362 -40.13521194458008 19
1775626281502 -32.020015716552734 20
1775626281669 -53.88783645629883 21
1775626281806 -57.050514221191406 22
1775626281979 -59.174598693847656 23
1775626282145 -71.10615539550781 24
1775626282276 -70.22560119628906 25
1775626282402 -75.52813720703125 26
1775626282529 -59.0089225769043 27
1775626282683 -81.36776733398438 28
1775626282955 -99.74713134765625 29
1775626283081 -119.40589141845703 30
1775626283205 -134.7779998779297 31
1775626283424 -124.79267883300781 32
1775626283547 -102.91407012939453 33
1775626283686 -126.21720886230469 34
1775626283813 -130.3513946533203 35
1775626283938 -161.15277099609375 36
1775626284065 -194.70989990234375 37
1775626284195 -199.1280975341797 38
1775626284326 -202.611572265625 39
1775626284453 -203.45359802246094 40
1775626284584 -232.9297637939453 41
1775626284711 -240.94436645507812 42
1775626284848 -264.793212890625 43
1775626285036 -270.84930419921875 44
1775626285167 -264.6390075683594 45
1775626285302 -273.752197265625 46
1775626285436 -337.4363098144531 47
1775626285603 -339.2823791503906 48
1775626285801 -393.718994140625 49
1775626285959 -371.156005859375 50
