1775626094158 0.012378114999592071 1
1775626094322 0.013943706000645761 2
1775626094486 0.014857358000881504 3
1775626094643 0.011043938000511844 4
1775626094870 0.01337937100106501 5
1775626095123 0.007373125001322478 6
1775626095277 0.0057626319994597 7
1775626095453 0.007041605998892919 8
1775626095615 0.013036352000199258 9
1775626095769 0.005602822999208001 10
1775626095922 0.008062765000431682 11
1775626096069 0.007412228000248433 12
1775626096229 0.010906629000601242 13
1775626096393 0.006700486001136596 14
1775626096588 0.009913671001413604 15
1775626096863 0.009066122000149335 16
1775626097064 0.005963644000075874 17
1775626097245 0.005786233999970136 18
1775626097424 0.005859937000423088 19
1775626097586 0.007246117998874979 20
1775626097785 0.0068143930002406705 21
1775626098013 0.007498132999899099 22
1775626098173 0.0121927020009025 23
1775626098431 0.01064761299858219 24
1775626098584 0.01326286500079732 25
1775626098738 0.0060320470001897775 26
1775626098897 0.006041247999746702 27
1775626099051 0.005949143000179902 28
1775626099269 0.006246959999771207 29
1775626099446 0.011603868999372935 30
1775626099609 0.01046310300080222 31
1775626099847 0.005873337999219075 32
1775626100006 0.006155655000839033 33
1775626100165 0.006101552000473021 34
1775626100325 0.0095287490003102 35
1775626100500 0.006997704000241356 36
1775626100653 0.006427670999983093 37
1775626100804 0.008320279001054587 38
1775626100983 0.00627366200023971 39
1775626101138 0.005853437000041595 40
1775626101373 0.006317463999948814 41
1775626101591 0.013225161999798729 42
1775626101800 0.00602944800084515 43
1775626101989 0.006404468998880475 44
1775626102152 0.015312982999603264 45
1775626102313 0.006557378001161851 46
1775626102500 0.006199057001140318 47
1775626102751 0.008625897000456462 48
1775626103040 0.014721254001415218 49
1775626103222 0.010456807000082335 50
