1775626094158 6.442605972290039 1
1775626094322 0.7413275241851807 2
1775626094486 -2.5633628368377686 3
1775626094643 -4.273327827453613 4
1775626094870 -13.428394317626953 5
1775626095123 -15.706305503845215 6
1775626095277 -5.513230323791504 7
1775626095453 -1.8575243949890137 8
1775626095615 -10.048480033874512 9
1775626095769 -13.804855346679688 10
1775626095922 -16.744705200195312 11
1775626096069 -12.61756706237793 12
1775626096229 -20.50332260131836 13
1775626096393 -21.338512420654297 14
1775626096588 -17.188594818115234 15
1775626096863 -20.673513412475586 16
1775626097064 -24.262285232543945 17
1775626097245 -18.957761764526367 18
1775626097424 -19.628644943237305 19
1775626097586 -31.48468017578125 20
1775626097785 -20.022125244140625 21
1775626098013 -27.358097076416016 22
1775626098173 -31.932462692260742 23
1775626098431 -39.12009048461914 24
1775626098584 -31.288225173950195 25
1775626098738 -35.17548370361328 26
1775626098897 -40.74640655517578 27
1775626099051 -49.314918518066406 28
1775626099269 -29.6552677154541 29
1775626099446 -43.90319061279297 30
1775626099609 -41.282135009765625 31
1775626099847 -47.96461868286133 32
1775626100006 -49.543243408203125 33
1775626100165 -50.969329833984375 34
1775626100325 -43.69260787963867 35
1775626100500 -52.917415618896484 36
1775626100653 -53.32387924194336 37
1775626100804 -57.81881332397461 38
1775626100983 -51.43485641479492 39
1775626101138 -69.77825927734375 40
1775626101373 -59.524234771728516 41
1775626101591 -63.871826171875 42
1775626101800 -70.85945129394531 43
1775626101989 -71.09876251220703 44
1775626102152 -52.89717102050781 45
1775626102313 -62.009098052978516 46
1775626102500 -52.99875259399414 47
1775626102751 -81.74932098388672 48
1775626103040 -64.80714416503906 49
1775626103222 -73.68223571777344 50
