1775626058122 0.04192272500040417 1
1775626058310 0.008181874000001699 2
1775626058506 0.011689775999911944 3
1775626058663 0.011253750999458134 4
1775626058937 0.008125070000460255 5
1775626059121 0.008275077998405322 6
1775626059312 0.0074721320015669335 7
1775626059475 0.0082731779984897 8
1775626059637 0.011447562001194456 9
1775626059812 0.009994877998906304 10
1775626059966 0.01020529000015813 11
1775626060112 0.009591555000952212 12
1775626060263 0.007709546000114642 13
1775626060443 0.015246581999235786 14
1775626060744 0.015466693999769632 15
1775626061007 0.017502111999419867 16
1775626061412 0.018593975000840146 17
1775626061607 0.018243155000163824 18
1775626061825 0.018060644000797765 19
1775626062005 0.008580096000514459 20
1775626062148 0.012945849000971066 21
1775626062311 0.01650415400035854 22
1775626062851 0.010437482000270393 23
1775626063140 0.015151145000345423 24
1775626063327 0.013170333999369177 25
1775626063521 0.008044348000112223 26
1775626063731 0.009826347999478457 27
1775626063946 0.017045149999830755 28
1775626064128 0.017401869999957853 29
1775626064290 0.009713542000099551 30
1775626064565 0.007856938000259106 31
1775626064890 0.016107298000861192 32
1775626065608 0.00920561299972178 33
1775626066022 0.01654432299983455 34
1775626066479 0.010853404999579652 35
1775626067189 0.018823348998921574 36
1775626067460 0.008105652001177077 37
1775626067676 0.012121175999709521 38
1775626068008 0.0164886189995741 39
1775626068210 0.017859995999970124 40
1775626068541 0.008380366998608224 41
1775626068934 0.010775400998682017 42
1775626069219 0.01743227099905198 43
1775626069496 0.022845573999802582 44
1775626069792 0.008435069999904954 45
1775626070094 0.01747227399937401 46
1775626070465 0.009538132000670885 47
1775626070989 0.02002183500007959 48
1775626071554 0.008090858000286971 49
1775626071797 0.014743736001037178 50
