1775626058122 0.5868025422096252 1
1775626058310 1.946448564529419 2
1775626058506 0.8914148807525635 3
1775626058663 0.8710219860076904 4
1775626058937 0.5066584944725037 5
1775626059121 -0.5802688598632812 6
1775626059312 0.15461665391921997 7
1775626059475 -1.7515044212341309 8
1775626059637 -1.6618036031723022 9
1775626059812 1.4023025035858154 10
1775626059966 -1.2547385692596436 11
1775626060112 -2.0171995162963867 12
1775626060263 -2.844557285308838 13
1775626060443 -3.101114511489868 14
1775626060744 -2.073089838027954 15
1775626061007 -1.1029605865478516 16
1775626061412 -3.739018201828003 17
1775626061607 -2.8077313899993896 18
1775626061825 -0.3758000433444977 19
1775626062005 -2.871352434158325 20
1775626062148 -6.748579502105713 21
1775626062311 -2.0671451091766357 22
1775626062851 -3.436920642852783 23
1775626063140 -4.268123149871826 24
1775626063327 -4.142968654632568 25
1775626063521 -4.705251693725586 26
1775626063731 -2.1500847339630127 27
1775626063946 -4.419366836547852 28
1775626064128 -4.626330852508545 29
1775626064290 -7.064357280731201 30
1775626064565 -6.0996413230896 31
1775626064890 -6.491532325744629 32
1775626065608 -8.355021476745605 33
1775626066022 -10.974266052246094 34
1775626066479 -4.185461521148682 35
1775626067189 -11.417816162109375 36
1775626067460 -9.013683319091797 37
1775626067676 -8.529095649719238 38
1775626068008 -4.127965450286865 39
1775626068210 -9.95223331451416 40
1775626068541 -9.93773078918457 41
1775626068934 -14.255556106567383 42
1775626069219 -16.413818359375 43
1775626069496 -8.923718452453613 44
1775626069792 -10.962908744812012 45
1775626070094 -15.50577449798584 46
1775626070465 -10.042057037353516 47
1775626070989 -16.705604553222656 48
1775626071554 -20.042551040649414 49
1775626071797 -17.94646644592285 50
