1775626342812 0.020091660999241867 1
1775626343054 0.016472150999106816 2
1775626343179 0.01033439700040617 3
1775626343305 0.01716980199853424 4
1775626343438 0.014918470000338857 5
1775626343573 0.007725050001681666 6
1775626343696 0.01259673499953351 7
1775626343819 0.012807746999897063 8
1775626343943 0.007594642998810741 9
1775626344077 0.011263456999586197 10
1775626344203 0.013992015999974683 11
1775626344333 0.01426273300057801 12
1775626344471 0.016704875000868924 13
1775626344665 0.014360836999912863 14
1775626344793 0.014225229999283329 15
1775626344935 0.013542489999963436 16
1775626345094 0.009797771999728866 17
1775626345313 0.018632686998898862 18
1775626345504 0.018239764000099967 19
1775626345652 0.017475119000664563 20
1775626345874 0.015107481000086409 21
1775626346009 0.018602284999360563 22
1775626346132 0.010775728000226081 23
1775626346273 0.0073634289983601775 24
1775626346405 0.011343760999807273 25
1775626346529 0.012532831000498845 26
1775626346676 0.007773754001391353 27
1775626346823 0.010613719001412392 28
1775626346954 0.01771493299929716 29
1775626347084 0.016944388999036164 30
1775626347237 0.01919451999856392 31
1775626347400 0.016038636000303086 32
1775626347526 0.007902060999185778 33
1775626347658 0.010086287999001797 34
1775626347788 0.011772486999689136 35
1775626347912 0.010158491999391117 36
1775626348044 0.013027059998421464 37
1775626348173 0.016230047000135528 38
1775626348295 0.011080145999585511 39
1775626348420 0.014201629001036054 40
1775626348601 0.016205444999286556 41
1775626348726 0.01752862200009986 42
1775626348858 0.015510004999669036 43
1775626348995 0.01016299299953971 44
1775626349128 0.009156534000794636 45
1775626349257 0.015836923999813735 46
1775626349386 0.010652121000020998 47
1775626349518 0.008507796001140377 48
1775626349646 0.009484252999754972 49
1775626349776 0.016742376999900443 50
