1775626342812 1.8079546689987183 1
1775626343054 0.693548321723938 2
1775626343179 0.313131183385849 3
1775626343305 1.61387300491333 4
1775626343438 -1.5173108577728271 5
1775626343573 -2.694106101989746 6
1775626343696 -3.014948606491089 7
1775626343819 -1.715685248374939 8
1775626343943 -5.354635238647461 9
1775626344077 -4.375400066375732 10
1775626344203 -2.837679862976074 11
1775626344333 -6.502935886383057 12
1775626344471 -5.669693946838379 13
1775626344665 -7.390007972717285 14
1775626344793 -4.263320446014404 15
1775626344935 -5.939430236816406 16
1775626345094 -9.533555030822754 17
1775626345313 -8.391095161437988 18
1775626345504 -9.858202934265137 19
1775626345652 -11.215768814086914 20
1775626345874 -13.951906204223633 21
1775626346009 -11.340142250061035 22
1775626346132 -15.896120071411133 23
1775626346273 -13.64612102508545 24
1775626346405 -21.095046997070312 25
1775626346529 -21.57588005065918 26
1775626346676 -14.01428508758545 27
1775626346823 -22.962575912475586 28
1775626346954 -31.456268310546875 29
1775626347084 -24.429967880249023 30
1775626347237 -33.615089416503906 31
1775626347400 -33.74860763549805 32
1775626347526 -28.61551284790039 33
1775626347658 -37.22865676879883 34
1775626347788 -34.88899230957031 35
1775626347912 -33.81326675415039 36
1775626348044 -36.89506149291992 37
1775626348173 -55.79704284667969 38
1775626348295 -54.967899322509766 39
1775626348420 -30.118967056274414 40
1775626348601 -74.43522644042969 41
1775626348726 -80.58499145507812 42
1775626348858 -46.858116149902344 43
1775626348995 -103.03981018066406 44
1775626349128 -76.98362731933594 45
1775626349257 -82.44097137451172 46
1775626349386 -98.34366607666016 47
1775626349518 -191.73257446289062 48
1775626349646 -124.54042053222656 49
1775626349776 -137.76829528808594 50
