1775626224404 0.012001203000181704 1
1775626224603 0.009315446000982774 2
1775626224740 0.012716143999568885 3
1775626224887 0.015020079999885638 4
1775626225068 0.016106043000036152 5
1775626225238 0.019299929999760934 6
1775626225409 0.017681335999441217 7
1775626225547 0.014488647999314708 8
1775626225683 0.015004978000433766 9
1775626225815 0.010971743000482093 10
1775626225966 0.008807415999399382 11
1775626226144 0.01834537400100089 12
1775626226281 0.014902973000062048 13
1775626226427 0.015694419000283233 14
1775626226591 0.019059615999140078 15
1775626226717 0.011630781000349089 16
1775626226874 0.010697226998672704 17
1775626227013 0.017802841999582597 18
1775626227154 0.015783824999743956 19
1775626227351 0.01928092900016054 20
1775626227539 0.013838011000188999 21
1775626227654 0.008651606998682837 22
1775626227784 0.010709127000154695 23
1775626227959 0.02531828300016059 24
1775626228105 0.0177299379993201 25
1775626228272 0.019494341999234166 26
1775626228484 0.016806483999971533 27
1775626228638 0.009111932999076089 28
1775626228791 0.018886406000092393 29
1775626228934 0.01762283199968806 30
1775626229097 0.01155557700076315 31
1775626229232 0.014719662000061362 32
1775626229369 0.011480473000119673 33
1775626229516 0.01818176500091795 34
1775626229664 0.02011667799888528 35
1775626229837 0.01817106399903423 36
1775626230020 0.017911449000166613 37
1775626230161 0.014785864999794285 38
1775626230295 0.012239816998771857 39
1775626230460 0.017701137001495226 40
1775626230598 0.016242650999629404 41
1775626230777 0.008456695000859327 42
1775626230912 0.015183589001026121 43
1775626231059 0.019063943000219297 44
1775626231196 0.017507049000414554 45
1775626231337 0.008925534999434603 46
1775626231472 0.01443646600091597 47
1775626231610 0.013469508001435315 48
1775626231766 0.008077583999693161 49
1775626231902 0.012020721000226331 50
