1775626224404 0.2985859215259552 1
1775626224603 0.2238832265138626 2
1775626224740 -0.12437102198600769 3
1775626224887 -0.647581934928894 4
1775626225068 -1.2384216785430908 5
1775626225238 -1.6975300312042236 6
1775626225409 -1.9420522451400757 7
1775626225547 -1.7940062284469604 8
1775626225683 -2.3410959243774414 9
1775626225815 -2.7046620845794678 10
1775626225966 -5.131959438323975 11
1775626226144 -5.081582546234131 12
1775626226281 -5.257910251617432 13
1775626226427 -6.227636337280273 14
1775626226591 -8.98694133758545 15
1775626226717 -9.567366600036621 16
1775626226874 -10.524869918823242 17
1775626227013 -9.80209732055664 18
1775626227154 -17.68779754638672 19
1775626227351 -16.388078689575195 20
1775626227539 -19.822362899780273 21
1775626227654 -21.03435516357422 22
1775626227784 -31.580984115600586 23
1775626227959 -25.605510711669922 24
1775626228105 -19.575334548950195 25
1775626228272 -42.648834228515625 26
1775626228484 -51.304603576660156 27
1775626228638 -50.48651885986328 28
1775626228791 -50.96940994262695 29
1775626228934 -73.1695785522461 30
1775626229097 -79.78723907470703 31
1775626229232 -100.11614227294922 32
1775626229369 -86.92668914794922 33
1775626229516 -100.3169937133789 34
1775626229664 -123.05357360839844 35
1775626229837 -150.40765380859375 36
1775626230020 -141.89154052734375 37
1775626230161 -158.9029541015625 38
1775626230295 -211.11167907714844 39
1775626230460 -292.5550537109375 40
1775626230598 -244.08197021484375 41
1775626230777 -257.06671142578125 42
1775626230912 -415.22979736328125 43
1775626231059 -451.1641540527344 44
1775626231196 -397.6208190917969 45
1775626231337 -485.5699157714844 46
1775626231472 -470.3751220703125 47
1775626231610 -515.211181640625 48
1775626231766 -785.0726318359375 49
1775626231902 -697.3927612304688 50
