1775590173553 0.0802085100003751 1
1775590173651 0.0057864599948516116 2
1775590173775 0.0067338029912207276 3
1775590173887 0.008707191998837516 4
1775590173978 0.0049136210000142455 5
1775590174090 0.010551375002251007 6
1775590174447 0.005924766999669373 7
1775590174566 0.00500822500907816 8
1775590174672 0.009999749992857687 9
1775590174773 0.007949457998620346 10
1775590174881 0.009429723999346606 11
1775590174974 0.005676155007677153 12
1775590175067 0.005474446006701328 13
1775590175166 0.005535648990189657 14
1775590175258 0.00643268899875693 15
1775590175371 0.006516492998343892 16
1775590175471 0.007206024005427025 17
1775590175564 0.005123931012349203 18
1775590175662 0.005923666001763195 19
1775590175758 0.005763958994066343 20
1775590175859 0.008470980988931842 21
1775590176100 0.007478036990505643 22
1775590176307 0.007019715994829312 23
1775590176402 0.005530548995011486 24
1775590176501 0.008057662009377964 25
1775590176630 0.007102520001353696 26
1775590176755 0.006525293007143773 27
1775590176847 0.00861628699931316 28
1775590177138 0.0048614190018270165 29
1775590177250 0.005269536995911039 30
1775590177350 0.00426769201294519 31
1775590177453 0.00673720300255809 32
1775590177549 0.00507142799324356 33
1775590177643 0.0044606000010389835 34
1775590177744 0.0055253479949897155 35
1775590177847 0.006052172000636347 36
1775590177942 0.004561306006507948 37
1775590178046 0.01139781299571041 38
1775590178188 0.006007269999827258 39
1775590178316 0.007551439004600979 40
1775590178442 0.005647154001053423 41
1775590178573 0.006106375003582798 42
1775590178717 0.007197623999672942 43
1775590178835 0.0048564180033281446 44
1775590178926 0.005163631998584606 45
1775590179019 0.005278037002426572 46
1775590179120 0.005802661005873233 47
1775590179212 0.00480351599981077 48
1775590179310 0.004648510002880357 49
1775590179406 0.007587540996610187 50
