1775590173553 -1.4394044876098633 1
1775590173651 -1.2635953426361084 2
1775590173775 -1.5706933736801147 3
1775590173887 -2.2594895362854004 4
1775590173978 -3.1162164211273193 5
1775590174090 -4.9587202072143555 6
1775590174447 -6.173639297485352 7
1775590174566 -5.157531261444092 8
1775590174672 -7.215824604034424 9
1775590174773 -6.827805995941162 10
1775590174881 -8.571354866027832 11
1775590174974 -7.344714641571045 12
1775590175067 -8.134231567382812 13
1775590175166 -9.750648498535156 14
1775590175258 -12.06036376953125 15
1775590175371 -8.497908592224121 16
1775590175471 -13.950053215026855 17
1775590175564 -12.345075607299805 18
1775590175662 -12.99292278289795 19
1775590175758 -13.448623657226562 20
1775590175859 -11.629487037658691 21
1775590176100 -16.210678100585938 22
1775590176307 -15.382012367248535 23
1775590176402 -18.90574073791504 24
1775590176501 -15.86573600769043 25
1775590176630 -17.678049087524414 26
1775590176755 -16.56257438659668 27
1775590176847 -20.935216903686523 28
1775590177138 -23.626338958740234 29
1775590177250 -20.891836166381836 30
1775590177350 -24.978656768798828 31
1775590177453 -19.58254051208496 32
1775590177549 -24.00360870361328 33
1775590177643 -25.689510345458984 34
1775590177744 -31.662734985351562 35
1775590177847 -24.14593505859375 36
1775590177942 -30.350025177001953 37
1775590178046 -33.39456558227539 38
1775590178188 -38.37034225463867 39
1775590178316 -37.214508056640625 40
1775590178442 -34.5511589050293 41
1775590178573 -40.14983367919922 42
1775590178717 -41.105369567871094 43
1775590178835 -30.450210571289062 44
1775590178926 -39.66498565673828 45
1775590179019 -39.293582916259766 46
1775590179120 -47.963687896728516 47
1775590179212 -50.03388977050781 48
1775590179310 -47.164451599121094 49
1775590179406 -55.56645965576172 50
