1775626078044 0.014487521000773995 1
1775626078353 0.02295660100025998 2
1775626078655 0.01064490300086618 3
1775626078909 0.008926115000576829 4
1775626079120 0.009732561000419082 5
1775626079425 0.017276496999329538 6
1775626079634 0.008399585000006482 7
1775626079858 0.008544993001123657 8
1775626080261 0.012070397000570665 9
1775626080451 0.016317940999215352 10
1775626080614 0.017658418000792153 11
1775626080830 0.019921848999729264 12
1775626080992 0.013008750000153668 13
1775626081174 0.008572495000407798 14
1775626081452 0.00932953799929237 15
1775626081658 0.01158556900008989 16
1775626081961 0.014218120000805357 17
1775626082279 0.008801508000033209 18
1775626082723 0.01925441000093997 19
1775626083045 0.015409388999614748 20
1775626083234 0.02243489399916143 21
1775626083466 0.008321479999722214 22
1775626083729 0.008329579999553971 23
1775626083974 0.019091000998741947 24
1775626084148 0.01583501300046919 25
1775626084330 0.010511706999750459 26
1775626084628 0.016678361998856417 27
1775626084942 0.016898674999538343 28
1775626085120 0.013367970999752288 29
1775626085282 0.016899574000490247 30
1775626085541 0.00825257600081386 31
1775626085730 0.008533692000128212 32
1775626085972 0.008380183000554098 33
1775626086293 0.017690120001134346 34
1775626086594 0.021344630999010406 35
1775626086908 0.009489048999967054 36
1775626087134 0.008238377000452601 37
1775626087424 0.018267954999828362 38
1775626087693 0.014526240000122925 39
1775626087892 0.01782463000017742 40
1775626088207 0.010634514001139905 41
1775626088411 0.017245496999748866 42
1775626088582 0.01684527299948968 43
1775626088740 0.009468647000176134 44
1775626089007 0.017123189001722494 45
1775626089284 0.008324981999976444 46
1775626089446 0.016539555999770528 47
1775626089629 0.011743679000574048 48
1775626089917 0.016535356000531465 49
1775626090091 0.008730503999686334 50
