1775626078044 0.21906864643096924 1
1775626078353 2.2354648113250732 2
1775626078655 0.9957524538040161 3
1775626078909 1.0840789079666138 4
1775626079120 0.6763975620269775 5
1775626079425 1.5604748725891113 6
1775626079634 0.09860870242118835 7
1775626079858 -0.025404393672943115 8
1775626080261 0.6015440225601196 9
1775626080451 -0.6318815350532532 10
1775626080614 -0.3266333341598511 11
1775626080830 -0.7035194635391235 12
1775626080992 0.06680938601493835 13
1775626081174 -0.21889851987361908 14
1775626081452 -0.5861513614654541 15
1775626081658 -0.5978248119354248 16
1775626081961 -0.25478726625442505 17
1775626082279 -0.6114228367805481 18
1775626082723 0.026764392852783203 19
1775626083045 -0.38091015815734863 20
1775626083234 -0.9873295426368713 21
1775626083466 -1.6837455034255981 22
1775626083729 -0.3988952040672302 23
1775626083974 -2.3436379432678223 24
1775626084148 -0.1371709108352661 25
1775626084330 -1.079994797706604 26
1775626084628 -0.030785540118813515 27
1775626084942 -1.325982689857483 28
1775626085120 -3.2387807369232178 29
1775626085282 -3.3838977813720703 30
1775626085541 -2.4358925819396973 31
1775626085730 -5.245877742767334 32
1775626085972 -2.4942383766174316 33
1775626086293 -3.6523280143737793 34
1775626086594 -3.576176404953003 35
1775626086908 -2.5275776386260986 36
1775626087134 -2.206470012664795 37
1775626087424 -9.534977912902832 38
1775626087693 -5.109200477600098 39
1775626087892 -4.736058712005615 40
1775626088207 -7.549688339233398 41
1775626088411 -2.271760940551758 42
1775626088582 -6.696223735809326 43
1775626088740 -3.892829418182373 44
1775626089007 -10.874485969543457 45
1775626089284 -10.611801147460938 46
1775626089446 -8.947620391845703 47
1775626089629 -7.5514373779296875 48
1775626089917 -9.614404678344727 49
1775626090091 -15.302154541015625 50
