1775626166029 0.015316687000449747 1
1775626166247 0.006733489999533049 2
1775626166432 0.01684137499978533 3
1775626166633 0.007564638000985724 4
1775626166857 0.0073773269996308954 5
1775626167035 0.016382060000978527 6
1775626167204 0.016455364999274025 7
1775626167487 0.013386885000727489 8
1775626167680 0.01110955100011779 9
1775626167859 0.009342348001155187 10
1775626168037 0.013852912999936962 11
1775626168249 0.008237682999606477 12
1775626168443 0.011584779000259005 13
1775626168616 0.01204490599957353 14
1775626168788 0.014457348001087666 15
1775626169188 0.01714010499927099 16
1775626169376 0.01666587699946831 17
1775626169548 0.016069743000116432 18
1775626169748 0.012132510999435908 19
1775626169937 0.007906964001449523 20
1775626170125 0.011671283999021398 21
1775626170295 0.008547401001123944 22
1775626170529 0.012378925999655621 23
1775626170819 0.017247611000129837 24
1775626170991 0.013659901000210084 25
1775626171255 0.007217323000077158 26
1775626171578 0.010321606001525652 27
1775626171747 0.013818310000715428 28
1775626171916 0.011717086999851745 29
1775626172107 0.007347729999310104 30
1775626172256 0.017546729000969208 31
1775626172407 0.007746053999653668 32
1775626172690 0.008988227000372717 33
1775626173041 0.007512040001529385 34
1775626173228 0.009960483999748249 35
1775626173521 0.010154295998290763 36
1775626173743 0.007024612001259811 37
1775626173936 0.0267849700012448 38
1775626174223 0.007675150000068243 39
1775626174400 0.013921616000516224 40
1775626174637 0.01642136300142738 41
1775626174833 0.006956107999940286 42
1775626174992 0.007158419000916183 43
1775626175187 0.011722186000042711 44
1775626175385 0.00781545800055028 45
1775626175637 0.01629115299874684 46
1775626175922 0.01842277800096781 47
1775626176201 0.01679678299842635 48
1775626176400 0.014262333999795374 49
1775626176622 0.007520339999246062 50
