1775626166029 0.6364086270332336 1
1775626166247 1.251116394996643 2
1775626166432 -0.39334458112716675 3
1775626166633 -0.898535430431366 4
1775626166857 0.799359917640686 5
1775626167035 -0.3909994661808014 6
1775626167204 -0.28297117352485657 7
1775626167487 -1.0648337602615356 8
1775626167680 -1.9372748136520386 9
1775626167859 -1.2050700187683105 10
1775626168037 -0.7010018825531006 11
1775626168249 -2.094578504562378 12
1775626168443 -1.841505527496338 13
1775626168616 -2.2060115337371826 14
1775626168788 -2.1790192127227783 15
1775626169188 -1.539031744003296 16
1775626169376 -3.598954677581787 17
1775626169548 -2.6658573150634766 18
1775626169748 -4.5889129638671875 19
1775626169937 -3.853018045425415 20
1775626170125 -4.009546756744385 21
1775626170295 -2.3350164890289307 22
1775626170529 -5.458460330963135 23
1775626170819 -4.625973701477051 24
1775626170991 -6.187502861022949 25
1775626171255 -4.033214569091797 26
1775626171578 -2.7557613849639893 27
1775626171747 -2.5541160106658936 28
1775626171916 -4.707559108734131 29
1775626172107 -3.1843347549438477 30
1775626172256 -5.44617223739624 31
1775626172407 -6.445467948913574 32
1775626172690 -2.827648401260376 33
1775626173041 -8.618897438049316 34
1775626173228 -8.818437576293945 35
1775626173521 -9.284279823303223 36
1775626173743 -8.40859317779541 37
1775626173936 -8.175745964050293 38
1775626174223 -9.586159706115723 39
1775626174400 -13.862563133239746 40
1775626174637 -10.406394004821777 41
1775626174833 -10.780882835388184 42
1775626174992 -14.711653709411621 43
1775626175187 -8.775092124938965 44
1775626175385 -13.679040908813477 45
1775626175637 -14.074165344238281 46
1775626175922 -3.6840639114379883 47
1775626176201 -12.198099136352539 48
1775626176400 -14.522653579711914 49
1775626176622 -16.518169403076172 50
