1775626029555 0.03571114100122941 1
1775626029745 0.008024480999665684 2
1775626029988 0.011586194999836152 3
1775626030253 0.006167268998979125 4
1775626030423 0.006300076998741133 5
1775626030587 0.011217372000828618 6
1775626030750 0.00674157799949171 7
1775626030904 0.010874710000280174 8
1775626031064 0.0061519450009654975 9
1775626031298 0.008342068000274594 10
1775626031526 0.0068989869996585185 11
1775626031678 0.010579094001514022 12
1775626031830 0.010946213998977328 13
1775626031986 0.006056739999621641 14
1775626032135 0.007687430999794742 15
1775626032288 0.008185358999980963 16
1775626032474 0.013010029000724899 17
1775626032766 0.01290252299986605 18
1775626033036 0.017014154000207782 19
1775626033202 0.00739681499908329 20
1775626033376 0.008715988999028923 21
1775626033553 0.007851739999750862 22
1775626033744 0.010436085998662747 23
1775626033921 0.015113646999452612 24
1775626034103 0.007512021000366076 25
1775626034266 0.005786724001154653 26
1775626034427 0.010389383000074304 27
1775626034656 0.015379661999759264 28
1775626034863 0.007899043001089012 29
1775626035101 0.0064672629996493924 30
1775626035309 0.013519557998733944 31
1775626035508 0.014812631001404952 32
1775626035726 0.006466561999332043 33
1775626035913 0.006280551999225281 34
1775626036093 0.006463363000875688 35
1775626036351 0.01754258400069375 36
1775626036515 0.005994236000333331 37
1775626036675 0.012763116001224262 38
1775626036877 0.015130348998354748 39
1775626037040 0.011156425000081072 40
1775626037201 0.014881934999721125 41
1775626037361 0.006564467999851331 42
1775626037519 0.006248551000680891 43
1775626037760 0.0053083980001247255 44
1775626037998 0.0060391389997676015 45
1775626038181 0.011335135999615886 46
1775626038345 0.014979539999330882 47
1775626038511 0.006260552001549513 48
1775626038678 0.011393848000807338 49
1775626038848 0.013416169000265654 50
