1775626029555 -1.8694766759872437 1
1775626029745 5.914996147155762 2
1775626029988 -4.867636680603027 3
1775626030253 -0.8336881995201111 4
1775626030423 5.931112766265869 5
1775626030587 -0.8655129671096802 6
1775626030750 -0.40306687355041504 7
1775626030904 -3.9724879264831543 8
1775626031064 -10.26464557647705 9
1775626031298 -3.4609179496765137 10
1775626031526 -1.989058494567871 11
1775626031678 -3.113166332244873 12
1775626031830 -0.4398190677165985 13
1775626031986 0.3353257179260254 14
1775626032135 -2.1436235904693604 15
1775626032288 -2.386939764022827 16
1775626032474 -5.737969875335693 17
1775626032766 -3.241321563720703 18
1775626033036 -5.999819278717041 19
1775626033202 -5.619007110595703 20
1775626033376 -5.470411777496338 21
1775626033553 -7.655038356781006 22
1775626033744 -9.67147159576416 23
1775626033921 -5.209246635437012 24
1775626034103 -13.676277160644531 25
1775626034266 -10.509368896484375 26
1775626034427 -11.618135452270508 27
1775626034656 -6.648736000061035 28
1775626034863 -14.593367576599121 29
1775626035101 -12.50792407989502 30
1775626035309 -10.824090003967285 31
1775626035508 -11.721917152404785 32
1775626035726 -11.754621505737305 33
1775626035913 -16.865623474121094 34
1775626036093 -9.204462051391602 35
1775626036351 -12.787880897521973 36
1775626036515 -12.8187255859375 37
1775626036675 -16.739988327026367 38
1775626036877 -19.160371780395508 39
1775626037040 -18.745647430419922 40
1775626037201 -18.947603225708008 41
1775626037361 -14.199784278869629 42
1775626037519 -19.058467864990234 43
1775626037760 -12.918437004089355 44
1775626037998 -16.457799911499023 45
1775626038181 -12.642179489135742 46
1775626038345 -13.431206703186035 47
1775626038511 -23.153278350830078 48
1775626038678 -11.361615180969238 49
1775626038848 -16.127521514892578 50
