1775626150431 0.01011786100025347 1
1775626150618 0.007452987001670408 2
1775626150853 0.015970544000083464 3
1775626151051 0.006848397999419831 4
1775626151320 0.007020608998573152 5
1775626151471 0.006483176999608986 6
1775626151653 0.016584065000643022 7
1775626151823 0.0065450809997855686 8
1775626151992 0.01665956900069432 9
1775626152161 0.013174065999919549 10
1775626152339 0.011650377999103512 11
1775626152534 0.006751392998921801 12
1775626152899 0.0066053840000677155 13
1775626153214 0.0064408750004076865 14
1775626153380 0.009168334001515177 15
1775626153596 0.016182240999114583 16
1775626153822 0.006053752998923301 17
1775626154115 0.007799854000040796 18
1775626154617 0.01472175600065384 19
1775626154794 0.01172068199957721 20
1775626154990 0.010737425000115763 21
1775626155337 0.00844429099925037 22
1775626155548 0.008143974000631715 23
1775626155731 0.01615104000120482 24
1775626155897 0.01131685899963486 25
1775626156057 0.006520478998936596 26
1775626156255 0.017144398001619265 27
1775626156418 0.013860405999366776 28
1775626156579 0.01624814599927049 29
1775626156882 0.012412922998919385 30
1775626157266 0.01649736000035773 31
1775626157520 0.006634386001678649 32
1775626157739 0.009458450000238372 33
1775626158096 0.0065109789993584855 34
1775626158265 0.015645911000319757 35
1775626158425 0.015534004000073764 36
1775626158685 0.006554581001182669 37
1775626158888 0.007562839999081916 38
1775626159050 0.010278395000568707 39
1775626159212 0.006618084000365343 40
1775626159364 0.007152913998652366 41
1775626159546 0.007735447999948519 42
1775626160090 0.006435172999772476 43
1775626160477 0.007520736000515171 44
1775626160656 0.013914606000980712 45
1775626160826 0.007770750000418047 46
1775626160996 0.006707288999677985 47
1775626161171 0.01130975500018394 48
1775626161344 0.009835770000790944 49
1775626161524 0.006948502999875927 50
