1775626150431 2.618708848953247 1
1775626150618 0.6433997750282288 2
1775626150853 -0.736747145652771 3
1775626151051 -1.726885437965393 4
1775626151320 -2.567274808883667 5
1775626151471 -3.361629009246826 6
1775626151653 -4.143307209014893 7
1775626151823 -4.901505470275879 8
1775626151992 -5.650069713592529 9
1775626152161 -6.383277416229248 10
1775626152339 -7.116880893707275 11
1775626152534 -7.850407600402832 12
1775626152899 -8.59796142578125 13
1775626153214 -9.361026763916016 14
1775626153380 -10.128347396850586 15
1775626153596 -10.910196304321289 16
1775626153822 -11.702434539794922 17
1775626154115 -12.489005088806152 18
1775626154617 -13.27767276763916 19
1775626154794 -14.069872856140137 20
1775626154990 -14.88350772857666 21
1775626155337 -15.720932006835938 22
1775626155548 -16.583314895629883 23
1775626155731 -17.47134017944336 24
1775626155897 -18.385696411132812 25
1775626156057 -19.326549530029297 26
1775626156255 -20.284685134887695 27
1775626156418 -21.271350860595703 28
1775626156579 -22.285308837890625 29
1775626156882 -23.321744918823242 30
1775626157266 -24.388837814331055 31
1775626157520 -25.487228393554688 32
1775626157739 -26.617576599121094 33
1775626158096 -27.780529022216797 34
1775626158265 -28.976741790771484 35
1775626158425 -30.206867218017578 36
1775626158685 -31.4715576171875 37
1775626158888 -32.77147674560547 38
1775626159050 -34.10728454589844 39
1775626159212 -35.479644775390625 40
1775626159364 -36.889217376708984 41
1775626159546 -38.33668518066406 42
1775626160090 -39.82270812988281 43
1775626160477 -41.347965240478516 44
1775626160656 -42.91313934326172 45
1775626160826 -44.51890182495117 46
1775626160996 -46.16591262817383 47
1775626161171 -47.854862213134766 48
1775626161344 -49.58640670776367 49
1775626161524 -51.3612174987793 50
