1775626268121 0.018023699998593656 1
1775626268276 0.017511668998849927 2
1775626268411 0.014398278999578906 3
1775626268561 0.019788907999100047 4
1775626268705 0.014856906000204617 5
1775626268842 0.01781008699981612 6
1775626268980 0.015359436998551246 7
1775626269119 0.017162146999908146 8
1775626269268 0.015288933000192628 9
1775626269417 0.017383060998326982 10
1775626269564 0.017195248999996693 11
1775626269709 0.017659676999755902 12
1775626269846 0.017266654000195558 13
1775626269992 0.01892925500033016 14
1775626270143 0.012086937998901703 15
1775626270283 0.009961806999854161 16
1775626270497 0.016483706000144593 17
1775626270667 0.01780268599941337 18
1775626270849 0.016878430000360822 19
1775626270999 0.009200762000546092 20
1775626271136 0.011283333999017486 21
1775626271281 0.016800544999568956 22
1775626271423 0.017212568998729694 23
1775626271567 0.017902007000884623 24
1775626271706 0.015199454999674344 25
1775626271843 0.017660194000200136 26
1775626271984 0.012293191999560804 27
1775626272131 0.012371994998829905 28
1775626272262 0.012011475999315735 29
1775626272403 0.016407723000156693 30
1775626272537 0.017356476999339066 31
1775626272879 0.008690987999216304 32
1775626273166 0.017549687001519487 33
1775626273296 0.009787150000192923 34
1775626273425 0.011552050000318559 35
1775626273563 0.015812190000360715 36
1775626273692 0.01692925200040918 37
1775626273831 0.015489371999137802 38
1775626273967 0.01729477300068538 39
1775626274132 0.016442724998341873 40
1775626274273 0.01178836300096009 41
1775626274417 0.012847423000494018 42
1775626274583 0.016982555000140565 43
1775626274731 0.015030545000627171 44
1775626274934 0.01566158100104076 45
1775626275086 0.016592533998846193 46
1775626275244 0.01238549600020633 47
1775626275385 0.013729272001000936 48
1775626275552 0.018863060999137815 49
1775626275695 0.00996526100061601 50
