1775626268121 1.1658570766448975 1
1775626268276 0.9569886326789856 2
1775626268411 0.24802549183368683 3
1775626268561 -0.229862779378891 4
1775626268705 -0.26192063093185425 5
1775626268842 -0.8444735407829285 6
1775626268980 -1.1485947370529175 7
1775626269119 -1.0494216680526733 8
1775626269268 -1.4667468070983887 9
1775626269417 -1.7759450674057007 10
1775626269564 -1.9976781606674194 11
1775626269709 -2.510531425476074 12
1775626269846 -3.4307825565338135 13
1775626269992 -4.002089023590088 14
1775626270143 -3.5598275661468506 15
1775626270283 -4.767025470733643 16
1775626270497 -6.696898460388184 17
1775626270667 -5.822795867919922 18
1775626270849 -7.478744983673096 19
1775626270999 -8.931926727294922 20
1775626271136 -15.144630432128906 21
1775626271281 -11.537214279174805 22
1775626271423 -13.525097846984863 23
1775626271567 -14.14767074584961 24
1775626271706 -15.592778205871582 25
1775626271843 -19.918886184692383 26
1775626271984 -15.713081359863281 27
1775626272131 -24.509199142456055 28
1775626272262 -30.799816131591797 29
1775626272403 -35.07634735107422 30
1775626272537 -24.711755752563477 31
1775626272879 -40.21274185180664 32
1775626273166 -44.648319244384766 33
1775626273296 -51.98502731323242 34
1775626273425 -47.10364532470703 35
1775626273563 -68.3570556640625 36
1775626273692 -77.45563507080078 37
1775626273831 -87.4879150390625 38
1775626273967 -86.76297760009766 39
1775626274132 -147.22694396972656 40
1775626274273 -115.1258773803711 41
1775626274417 -131.2224578857422 42
1775626274583 -158.64662170410156 43
1775626274731 -200.6043701171875 44
1775626274934 -255.37417602539062 45
1775626275086 -185.2723846435547 46
1775626275244 -218.97544860839844 47
1775626275385 -247.99551391601562 48
1775626275552 -320.0799560546875 49
1775626275695 -300.166748046875 50
