1775625162876 0.5676067280001007 1
1775625163107 0.008265950998975313 2
1775625163270 0.014706280000609695 3
1775625163422 0.016048669000156224 4
1775625163650 0.007566103999124607 5
1775625163808 0.008203346998925554 6
1775625164002 0.006643242999416543 7
1775625164217 0.007258983998326585 8
1775625164354 0.0064857320012379205 9
1775625164497 0.011911294001038186 10
1775625164663 0.015591239000059431 11
1775625164906 0.006289918999755173 12
1775625165047 0.008431161999396863 13
1775625165259 0.015408327000841382 14
1775625165416 0.01083342200035986 15
1775625165582 0.011846188999697915 16
1775625165723 0.005938694999713334 17
1775625165860 0.011544269000296481 18
1775625166001 0.013204779999796301 19
1775625166201 0.011692579999362351 20
1775625166338 0.011411661000238382 21
1775625166454 0.013698411999939708 22
1775625166669 0.006341323000015109 23
1775625166811 0.0072226820011565 24
1775625166959 0.012772951999068027 25
1775625167119 0.00626591800028109 26
1775625167256 0.014951896000638953 27
1775625167411 0.01269164599943906 28
1775625167574 0.009812954000153695 29
1775625167726 0.0064788319996296195 30
1775625167911 0.01314277599885827 31
1775625168145 0.0071242740013985895 32
1775625168288 0.011311653999655391 33
1775625168430 0.006512834001114243 34
1775625168590 0.006138309001471498 35
1775625168733 0.006412626999008353 36
1775625168873 0.008072237998931087 37
1775625169020 0.017000533000100404 38
1775625169157 0.007618408000780619 39
1775625169375 0.005342255999494228 40
1775625169536 0.006687645998681546 41
1775625169711 0.01011227400158532 42
1775625169866 0.007207280999864452 43
1775625170016 0.006256716998905176 44
1775625170176 0.012159810999946785 45
1775625170319 0.006485232999693835 46
1775625170468 0.010641609000231256 47
1775625170600 0.009404826998434146 48
1775625170746 0.005556271000386914 49
1775625170928 0.009355223000966362 50
