1775625162876 5.394620418548584 1
1775625163107 6.923381805419922 2
1775625163270 4.69847297668457 3
1775625163422 2.518645763397217 4
1775625163650 2.1856775283813477 5
1775625163808 0.6000468730926514 6
1775625164002 0.5841249823570251 7
1775625164217 -1.1178638935089111 8
1775625164354 -0.2858201265335083 9
1775625164497 -2.7669429779052734 10
1775625164663 -2.663703680038452 11
1775625164906 -3.2094802856445312 12
1775625165047 -2.99049973487854 13
1775625165259 -3.5104129314422607 14
1775625165416 -2.7811191082000732 15
1775625165582 -3.509892702102661 16
1775625165723 -3.8916189670562744 17
1775625165860 -4.229647636413574 18
1775625166001 -5.91134786605835 19
1775625166201 -6.882266044616699 20
1775625166338 -6.143678188323975 21
1775625166454 -5.897300720214844 22
1775625166669 -6.6338791847229 23
1775625166811 -7.230904579162598 24
1775625166959 -8.857494354248047 25
1775625167119 -8.149921417236328 26
1775625167256 -9.425549507141113 27
1775625167411 -5.977443218231201 28
1775625167574 -9.774356842041016 29
1775625167726 -9.361201286315918 30
1775625167911 -10.336057662963867 31
1775625168145 -10.767112731933594 32
1775625168288 -12.626507759094238 33
1775625168430 -9.941638946533203 34
1775625168590 -12.540555953979492 35
1775625168733 -11.00986385345459 36
1775625168873 -14.184713363647461 37
1775625169020 -14.58453369140625 38
1775625169157 -12.97138500213623 39
1775625169375 -16.15398406982422 40
1775625169536 -11.208150863647461 41
1775625169711 -16.406721115112305 42
1775625169866 -16.848012924194336 43
1775625170016 -19.937881469726562 44
1775625170176 -23.154220581054688 45
1775625170319 -20.281415939331055 46
1775625170468 -24.938159942626953 47
1775625170600 -22.894638061523438 48
1775625170746 -21.712190628051758 49
1775625170928 -22.521032333374023 50
