1775683380297 1.6089474689997587 1
1775683382160 1.5981850080002005 2
1775683383942 1.545078126000135 3
1775683385740 1.5710942050000085 4
1775683387571 1.5941584879997208 5
1775683389421 1.6124924710002233 6
1775683391325 1.5996935250000206 7
1775683393255 1.6617793000000347 8
1775683396066 2.4833491529998355 9
1775683397857 1.5628104779998466 10
1775683399785 1.6791388679998818 11
1775683402356 2.1404654689999916 12
1775683405645 3.028382979000071 13
1775683408013 2.123088867000206 14
1775683410291 1.9591507090003688 15
1775683412247 1.7178225359998578 16
1775683414607 2.0878154390002237 17
1775683416632 1.7415787609998006 18
1775683418508 1.584263405999991 19
1775683420224 1.4748725379999996 20
1775683422058 1.6185801710003034 21
1775683423850 1.572065799000029 22
1775683425544 1.4212136249998366 23
1775683427275 1.4652226200000769 24
1775683429095 1.5556460230000084 25
1775683431058 1.702788124000108 26
1775683433015 1.7208080200002769 27
1775683434764 1.518614135000007 28
1775683436615 1.51026161100026 29
1775683438699 1.790821514000072 30
1775683440647 1.6850779729998067 31
1775683443100 2.2324025939997227 32
1775683444916 1.5941323540000667 33
1775683447138 1.924130673000036 34
1775683449751 2.2893480810002984 35
1775683451567 1.5808395120002388 36
1775683453308 1.4424619240003267 37
1775683455429 1.8176795649997075 38
1775683457748 1.9105373140000665 39
1775683460200 2.2056932519999464 40
1775683462056 1.627207234999787 41
1775683463973 1.645602315999895 42
1775683465860 1.650419767999665 43
1775683467686 1.556871716000387 44
1775683469939 1.9723982440000327 45
1775683471895 1.7280135030000565 46
1775683474401 2.192302199999631 47
1775683476799 2.00613727200016 48
1775683478625 1.5506448410001212 49
1775683481341 2.4371323440000197 50
