1775683380297 5053058.184897959 1
1775683382160 30551.97861645335 2
1775683383942 7817.275928773577 3
1775683385740 2927.7610122646606 4
1775683387571 2807.5649722417197 5
1775683389421 2659.6899774698986 6
1775683391325 1579.0867622381165 7
1775683393255 1054.4531993629441 8
1775683396066 774.5509588623804 9
1775683397857 586.3650289868551 10
1775683399785 610.4392928632479 11
1775683402356 661.403809840717 12
1775683405645 373.2107017447078 13
1775683408013 32.93141199672033 14
1775683410291 2.484383709846981 15
1775683412247 184.08705398203836 16
1775683414607 2.4843883315722146 17
1775683416632 291.27714335256155 18
1775683418508 379.08200819719406 19
1775683420224 114.5311972025841 20
1775683422058 343.72227595060593 21
1775683423850 2.4843898406104437 22
1775683425544 13.963761707146963 23
1775683427275 178.6507390775378 24
1775683429095 262.2898181449799 25
1775683431058 31.866415303850932 26
1775683433015 2.4843827533343483 27
1775683434764 2.4840673615062046 28
1775683436615 140.8831029912782 29
1775683438699 118.28047147440532 30
1775683440647 2.484402212831709 31
1775683443100 195.02924400284178 32
1775683444916 21.74154040170094 33
1775683447138 378.1879535440415 34
1775683449751 2.484377229970599 35
1775683451567 2.484391937180171 36
1775683453308 2.484382188509381 37
1775683455429 12.886848356988695 38
1775683457748 2.484358911476438 39
1775683460200 4.3128268122673035 40
1775683462056 2.4843820740306186 41
1775683463973 2.4840424997465953 42
1775683465860 33.36206081083843 43
1775683467686 123.14072758053976 44
1775683469939 79.15070895637784 45
1775683471895 2.484374813617222 46
1775683474401 30.985109942299978 47
1775683476799 1874.2388992139272 48
1775683478625 16.808279618384347 49
1775683481341 11.055938311039455 50
