1775626196349 0.014493430999209522 1
1775626196687 0.031753221999679226 2
1775626196861 0.012058290998538723 3
1775626197024 0.008438983999440097 4
1775626197193 0.01581700700080546 5
1775626197360 0.011182942000232288 6
1775626197517 0.018000033000134863 7
1775626197684 0.018960787998366868 8
1775626197887 0.017059379000784247 9
1775626198170 0.009673955000835122 10
1775626198338 0.01830915000027744 11
1775626198549 0.019061393000811222 12
1775626198706 0.012220100999911665 13
1775626198863 0.01095982799961348 14
1775626199037 0.01892449400111218 15
1775626199216 0.019253013000707142 16
1775626199378 0.00968915999874298 17
1775626199538 0.016683863999787718 18
1775626199784 0.01498376599920448 19
1775626199945 0.014324727999337483 20
1775626200105 0.011699176000547595 21
1775626200271 0.015265683001416619 22
1775626200453 0.008927316001063446 23
1775626200648 0.01365018899923598 24
1775626200814 0.012926048000736046 25
1775626200975 0.017801228999815066 26
1775626201228 0.014104014999247738 27
1775626201411 0.017161392999696545 28
1775626201575 0.016203336999751627 29
1775626201721 0.015253382000082638 30
1775626201951 0.018815987999914796 31
1775626202126 0.016059629000665154 32
1775626202290 0.013763295999524416 33
1775626202449 0.018041544000880094 34
1775626202833 0.022453998999480973 35
1775626203072 0.014358829999764566 36
1775626203238 0.012738737001200207 37
1775626203415 0.01724419700076396 38
1775626203600 0.00870430299983127 39
1775626203770 0.018795786001646775 40
1775626203950 0.0181343479998759 41
1775626204274 0.008696702998349792 42
1775626204456 0.01981954599978053 43
1775626204624 0.017427907998353476 44
1775626204839 0.009072724000361632 45
1775626205061 0.019135206999635557 46
1775626205374 0.015735909999420983 47
1775626205663 0.018669378998311004 48
1775626205825 0.00887651299854042 49
1775626206016 0.014861958999972558 50
