1775626196349 1.4903149604797363 1
1775626196687 0.28932780027389526 2
1775626196861 -0.655014157295227 3
1775626197024 -0.3340018093585968 4
1775626197193 -2.039868116378784 5
1775626197360 -5.625978469848633 6
1775626197517 -5.641978740692139 7
1775626197684 -6.515296936035156 8
1775626197887 -10.893879890441895 9
1775626198170 -5.9144062995910645 10
1775626198338 -29.179548263549805 11
1775626198549 -57.77415084838867 12
1775626198706 -80.92780303955078 13
1775626198863 -77.52752685546875 14
1775626199037 -79.14634704589844 15
1775626199216 -179.46633911132812 16
1775626199378 -221.10226440429688 17
1775626199538 -309.5903625488281 18
1775626199784 -416.3277282714844 19
1775626199945 -422.116943359375 20
1775626200105 -409.36480712890625 21
1775626200271 -518.337158203125 22
1775626200453 -508.65093994140625 23
1775626200648 -1123.312744140625 24
1775626200814 -1431.1414794921875 25
1775626200975 -1666.341552734375 26
1775626201228 -2881.52685546875 27
1775626201411 -2945.145751953125 28
1775626201575 -3839.133056640625 29
1775626201721 -4381.92822265625 30
1775626201951 -3540.400390625 31
1775626202126 -5289.20703125 32
1775626202290 -7419.22021484375 33
1775626202449 -5163.06494140625 34
1775626202833 -10807.5205078125 35
1775626203072 -6757.90283203125 36
1775626203238 -16533.033203125 37
1775626203415 -13407.4912109375 38
1775626203600 -15555.76171875 39
1775626203770 -15672.326171875 40
1775626203950 -26227.3203125 41
1775626204274 -27841.517578125 42
1775626204456 -21698.5078125 43
1775626204624 -26977.69140625 44
1775626204839 -31982.453125 45
1775626205061 -29491.853515625 46
1775626205374 -76990.875 47
1775626205663 -49142.203125 48
1775626205825 -61740.31640625 49
1775626206016 -81926.375 50
