1775626134559 0.017984969999815803 1
1775626134742 0.016407385001002694 2
1775626134940 0.016556512000533985 3
1775626135136 0.007354649000262725 4
1775626135297 0.017096746001698193 5
1775626135557 0.007786775999193196 6
1775626135710 0.011303590999887092 7
1775626135875 0.008103294998363708 8
1775626136038 0.017558573999849614 9
1775626136198 0.014362477999384282 10
1775626136364 0.017276155998843024 11
1775626136543 0.012777881000147318 12
1775626136703 0.010239826000542962 13
1775626136933 0.006712810998578789 14
1775626137153 0.008496518999891123 15
1775626137353 0.016206590998990578 16
1775626137554 0.011613110000325833 17
1775626137722 0.00959858700116456 18
1775626137917 0.018966059000376845 19
1775626138087 0.016076682999482728 20
1775626138338 0.010535244999118731 21
1775626138603 0.01671542199983378 22
1775626138837 0.012367156999971485 23
1775626139077 0.007572362999781035 24
1775626139336 0.007544260999566177 25
1775626139637 0.013114002000293112 26
1775626139813 0.018755946999590378 27
1775626139976 0.011613310000029742 28
1775626140271 0.012411759000315215 29
1775626140472 0.013189106999561773 30
1775626140737 0.013347916001293925 31
1775626140949 0.010885865998716326 32
1775626141174 0.015685158999986015 33
1775626141355 0.016459006999866688 34
1775626141514 0.017068143000869895 35
1775626141710 0.007455556000422803 36
1775626142058 0.015546351000011782 37
1775626142245 0.010829262000697781 38
1775626142434 0.014908510998793645 39
1775626142849 0.014361477999045746 40
1775626143079 0.01788086799933808 41
1775626143283 0.008333345000210102 42
1775626143725 0.016843299999891315 43
1775626143924 0.007742206000330043 44
1775626144158 0.00800082299974747 45
1775626144362 0.01858391399946413 46
1775626144592 0.01859621500079811 47
1775626144882 0.007767707998937112 48
1775626145197 0.016342967999662505 49
1775626145429 0.018279594998602988 50
