1775626134559 -0.326161652803421 1
1775626134742 -0.7940565347671509 2
1775626134940 -1.1963822841644287 3
1775626135136 -1.608364462852478 4
1775626135297 -2.035646677017212 5
1775626135557 -2.488471269607544 6
1775626135710 -2.962045192718506 7
1775626135875 -3.4658923149108887 8
1775626136038 -3.9854345321655273 9
1775626136198 -4.534895420074463 10
1775626136364 -5.1327433586120605 11
1775626136543 -5.783004283905029 12
1775626136703 -6.490602970123291 13
1775626136933 -7.260725498199463 14
1775626137153 -8.092151641845703 15
1775626137353 -8.985282897949219 16
1775626137554 -9.96202278137207 17
1775626137722 -11.01797866821289 18
1775626137917 -12.16750431060791 19
1775626138087 -13.416218757629395 20
1775626138338 -14.7705717086792 21
1775626138603 -16.237565994262695 22
1775626138837 -17.82467269897461 23
1775626139077 -19.539812088012695 24
1775626139336 -21.391328811645508 25
1775626139637 -23.388015747070312 26
1775626139813 -25.53909683227539 27
1775626139976 -27.854249954223633 28
1775626140271 -30.34361457824707 29
1775626140472 -33.0178108215332 30
1775626140737 -35.88792419433594 31
1775626140949 -38.96556854248047 32
1775626141174 -42.262847900390625 33
1775626141355 -45.79239273071289 34
1775626141514 -49.56735610961914 35
1775626141710 -53.60145568847656 36
1775626142058 -57.9089469909668 37
1775626142245 -62.50465393066406 38
1775626142434 -67.40399932861328 39
1775626142849 -72.62296295166016 40
1775626143079 -78.17815399169922 41
1775626143283 -84.08675384521484 42
1775626143725 -90.36663055419922 43
1775626143924 -97.03619384765625 44
1775626144158 -104.11458587646484 45
1775626144362 -111.6215591430664 46
1775626144592 -119.57752990722656 47
1775626144882 -128.00360107421875 48
1775626145197 -136.9215545654297 49
1775626145429 -146.35386657714844 50
