1775626299785 0.010113204998560832 1
1775626299928 0.015513727999859839 2
1775626300052 0.011769003998779226 3
1775626300181 0.01574074199925235 4
1775626300319 0.019167746999301016 5
1775626300492 0.016789404999144608 6
1775626300643 0.013962335999167408 7
1775626300770 0.014129346000117948 8
1775626300906 0.01522451200071373 9
1775626301046 0.009635676999096177 10
1775626301508 0.014329057999930228 11
1775626301642 0.017704260000755312 12
1775626301772 0.01723553200099559 13
1775626301902 0.014140446999590495 14
1775626302036 0.016677898000125424 15
1775626302185 0.01874012199914432 16
1775626302318 0.014487567001197021 17
1775626302446 0.012960175999978674 18
1775626302589 0.014319758000056027 19
1775626302783 0.02348450599856733 20
1775626302998 0.015624936000676826 21
1775626303122 0.011857510000481852 22
1775626303256 0.01962804100003268 23
1775626303401 0.01631724900107656 24
1775626303531 0.016744172999096918 25
1775626303677 0.012429922999217524 26
1775626303818 0.01646905699999479 27
1775626303966 0.0091228309993312 28
1775626304158 0.009368344000904472 29
1775626304289 0.014458139999987907 30
1775626304430 0.016453856000225642 31
1775626304569 0.016935184999965713 32
1775626304716 0.016439156001069932 33
1775626304853 0.016493257999172783 34
1775626305012 0.014158123000015621 35
1775626305139 0.013660393999089138 36
1775626305264 0.012802344001102028 37
1775626305404 0.01736690899997484 38
1775626305567 0.01042380599938042 39
1775626305759 0.027731911999580916 40
1775626305893 0.018839495000065654 41
1775626306028 0.016102936999232043 42
1775626306180 0.018150654999772087 43
1775626306325 0.016502259000844788 44
1775626306464 0.012917250000100466 45
1775626306605 0.014809361000516219 46
1775626306749 0.017382910000378615 47
1775626306882 0.015338491999500548 48
1775626307029 0.015176482000242686 49
1775626307161 0.016523960999620613 50
