1775626299785 0.6808898448944092 1
1775626299928 0.4829626977443695 2
1775626300052 0.26878705620765686 3
1775626300181 -0.08780103921890259 4
1775626300319 -0.13795346021652222 5
1775626300492 -1.0476316213607788 6
1775626300643 -0.03491773083806038 7
1775626300770 -2.2768514156341553 8
1775626300906 -1.8251622915267944 9
1775626301046 -2.389867067337036 10
1775626301508 -2.447368621826172 11
1775626301642 0.2211015820503235 12
1775626301772 -7.993998050689697 13
1775626301902 -12.185858726501465 14
1775626302036 -9.850358963012695 15
1775626302185 -6.552921295166016 16
1775626302318 -18.69277572631836 17
1775626302446 -2.765376091003418 18
1775626302589 -20.58880043029785 19
1775626302783 -6.686174392700195 20
1775626302998 -28.602067947387695 21
1775626303122 -23.120542526245117 22
1775626303256 -110.04071807861328 23
1775626303401 -12.809305191040039 24
1775626303531 -34.77730941772461 25
1775626303677 -49.760902404785156 26
1775626303818 -44.659244537353516 27
1775626303966 -59.04616928100586 28
1775626304158 -171.01437377929688 29
1775626304289 -147.14532470703125 30
1775626304430 -132.67832946777344 31
1775626304569 -114.3098373413086 32
1775626304716 -402.9010925292969 33
1775626304853 -235.4309844970703 34
1775626305012 -234.76234436035156 35
1775626305139 -175.465576171875 36
1775626305264 -265.5673522949219 37
1775626305404 -567.49853515625 38
1775626305567 -764.79541015625 39
1775626305759 -691.6193237304688 40
1775626305893 -1420.3782958984375 41
1775626306028 -1436.980712890625 42
1775626306180 -931.8596801757812 43
1775626306325 -559.5877075195312 44
1775626306464 -1629.9432373046875 45
1775626306605 -770.2280883789062 46
1775626306749 -2844.41748046875 47
1775626306882 -2098.20458984375 48
1775626307029 -1777.2008056640625 49
1775626307161 -1430.033203125 50
