1775626043070 0.015092364999873098 1
1775626043242 0.01609852299952763 2
1775626043413 0.01678856199941947 3
1775626043577 0.018636868000612594 4
1775626043739 0.011070235001170659 5
1775626043933 0.019511119000526378 6
1775626044199 0.018223144999865326 7
1775626044418 0.017993531000684015 8
1775626044702 0.023584951000884757 9
1775626044961 0.013658283000040683 10
1775626045173 0.02194265799880668 11
1775626045463 0.01942851400053769 12
1775626045869 0.018210743999588885 13
1775626046070 0.019150197000271874 14
1775626046253 0.018746574000033434 15
1775626046436 0.017552906001583324 16
1775626046630 0.019173298998794053 17
1775626046865 0.010445301999425283 18
1775626047099 0.018436062999171554 19
1775626047417 0.009810465000555268 20
1775626047586 0.015295781999157043 21
1775626047795 0.01295574599862448 22
1775626047983 0.01860607200069353 23
1775626048148 0.01550109399977373 24
1775626048350 0.016147330001331284 25
1775626048541 0.01315025800067815 26
1775626048716 0.015913216999251745 27
1775626048876 0.014364528000442078 28
1775626049047 0.018295353998837527 29
1775626049344 0.009728760000143666 30
1775626049528 0.018398559999695863 31
1775626049702 0.017259394000575412 32
1775626049872 0.012133799000366707 33
1775626050028 0.01756221200048458 34
1775626050188 0.011653772000499885 35
1775626050400 0.019714437001312035 36
1775626050587 0.012398615001075086 37
1775626050828 0.010384399000031408 38
1775626051003 0.018393160000414355 39
1775626051206 0.01799843699882331 40
1775626051361 0.010590510000838549 41
1775626051658 0.016646058998958324 42
1775626051877 0.0201191590003873 43
1775626052090 0.01908980000007432 44
1775626052286 0.015615899999829708 45
1775626052583 0.01639744500062079 46
1775626052896 0.020334671999080456 47
1775626053084 0.010137884000869235 48
1775626053257 0.019586429001719807 49
1775626053471 0.01522377699984645 50
