1775626043070 0.5164567232131958 1
1775626043242 0.4921732544898987 2
1775626043413 0.2143782079219818 3
1775626043577 0.49580323696136475 4
1775626043739 0.5626237392425537 5
1775626043933 0.44872474670410156 6
1775626044199 -0.31970950961112976 7
1775626044418 -0.180998295545578 8
1775626044702 0.1345246583223343 9
1775626044961 -1.070303201675415 10
1775626045173 -0.025047797709703445 11
1775626045463 -0.10482390224933624 12
1775626045869 -1.6506717205047607 13
1775626046070 -0.9890274405479431 14
1775626046253 -3.2093381881713867 15
1775626046436 -2.2900614738464355 16
1775626046630 0.042352817952632904 17
1775626046865 -1.0412670373916626 18
1775626047099 -4.367875099182129 19
1775626047417 -0.15095314383506775 20
1775626047586 -0.9090113043785095 21
1775626047795 -5.324549674987793 22
1775626047983 -4.133334636688232 23
1775626048148 -5.095146179199219 24
1775626048350 -3.806877613067627 25
1775626048541 -8.259149551391602 26
1775626048716 -2.3031270503997803 27
1775626048876 -1.5937994718551636 28
1775626049047 -7.7563018798828125 29
1775626049344 -16.530284881591797 30
1775626049528 -3.33602237701416 31
1775626049702 -21.517993927001953 32
1775626049872 -3.024071455001831 33
1775626050028 -10.098984718322754 34
1775626050188 -23.778818130493164 35
1775626050400 -25.357284545898438 36
1775626050587 -29.95319938659668 37
1775626050828 -24.73383331298828 38
1775626051003 -31.373056411743164 39
1775626051206 -22.649188995361328 40
1775626051361 -21.70962142944336 41
1775626051658 -17.68382453918457 42
1775626051877 -68.43228149414062 43
1775626052090 -45.92414474487305 44
1775626052286 -50.01439666748047 45
1775626052583 -43.30828857421875 46
1775626052896 -71.16548919677734 47
1775626053084 -109.13196563720703 48
1775626053257 -29.70033073425293 49
1775626053471 -74.53321838378906 50
