1775626289003 0.021465550000357325 1
1775626289165 0.01636815299934824 2
1775626289303 0.01730130800024199 3
1775626289446 0.019173615999534377 4
1775626289570 0.008927520000725053 5
1775626289700 0.010270296999806305 6
1775626289834 0.013689796998733073 7
1775626289966 0.015101078999578021 8
1775626290141 0.019520435998856556 9
1775626290291 0.013479985000230954 10
1775626290461 0.01243842400072026 11
1775626290595 0.016188741999940248 12
1775626290732 0.013437781999527942 13
1775626290860 0.011111346999314264 14
1775626291069 0.01024449600117805 15
1775626291197 0.010548014000960393 16
1775626291327 0.01620054300110496 17
1775626291459 0.00972116600132722 18
1775626291588 0.016868681999767432 19
1775626291709 0.010671721000107937 20
1775626291840 0.01531099099884159 21
1775626291969 0.011338059999616235 22
1775626292094 0.007651746000192361 23
1775626292221 0.008417789998929948 24
1775626292380 0.009002724000310991 25
1775626292528 0.009413947998837102 26
1775626292673 0.01713289700091991 27
1775626292935 0.008240780000051018 28
1775626293070 0.011498669999127742 29
1775626293203 0.009894675999021274 30
1775626293341 0.008360887000890216 31
1775626293504 0.019316223999339854 32
1775626293716 0.015596708000884973 33
1775626293893 0.015917527000055998 34
1775626294038 0.014718757000082405 35
1775626294186 0.012713340000118478 36
1775626294317 0.01773663300082262 37
1775626294575 0.01139926399991964 38
1775626294708 0.008496993999870028 39
1775626294838 0.016653769000186003 40
1775626294972 0.018564180998509983 41
1775626295119 0.018608283000503434 42
1775626295257 0.011208771000383422 43
1775626295425 0.010873451001316425 44
1775626295579 0.015528828998867539 45
1775626295721 0.009044041999004548 46
1775626295852 0.014690280000650091 47
1775626295977 0.016965215998425265 48
1775626296131 0.017598052998437197 49
1775626296294 0.01591595300124027 50
