1775626289003 3.1896398067474365 1
1775626289165 -0.228306382894516 2
1775626289303 -2.303065538406372 3
1775626289446 -7.372122764587402 4
1775626289570 -6.088787078857422 5
1775626289700 -13.174576759338379 6
1775626289834 -15.63176155090332 7
1775626289966 -20.596384048461914 8
1775626290141 -32.70465087890625 9
1775626290291 -29.637802124023438 10
1775626290461 -39.723876953125 11
1775626290595 -56.93705368041992 12
1775626290732 -61.612022399902344 13
1775626290860 -88.17543029785156 14
1775626291069 -83.79039001464844 15
1775626291197 -98.45992279052734 16
1775626291327 -155.25839233398438 17
1775626291459 -193.9799346923828 18
1775626291588 -172.26739501953125 19
1775626291709 -235.15122985839844 20
1775626291840 -345.5969543457031 21
1775626291969 -419.26239013671875 22
1775626292094 -335.989501953125 23
1775626292221 -508.7336120605469 24
1775626292380 -435.00909423828125 25
1775626292528 -518.704833984375 26
1775626292673 -784.85009765625 27
1775626292935 -746.3392944335938 28
1775626293070 -946.4027099609375 29
1775626293203 -837.7161865234375 30
1775626293341 -1437.3974609375 31
1775626293504 -1545.046875 32
1775626293716 -1581.09521484375 33
1775626293893 -1441.944580078125 34
1775626294038 -2237.581787109375 35
1775626294186 -2248.08837890625 36
1775626294317 -1886.448974609375 37
1775626294575 -3240.104248046875 38
1775626294708 -3277.212158203125 39
1775626294838 -4262.93310546875 40
1775626294972 -4807.0947265625 41
1775626295119 -4960.73779296875 42
1775626295257 -3777.303466796875 43
1775626295425 -6768.90283203125 44
1775626295579 -4484.30615234375 45
1775626295721 -4975.0068359375 46
1775626295852 -7704.26904296875 47
1775626295977 -8404.7451171875 48
1775626296131 -7540.1171875 49
1775626296294 -9002.3203125 50
