1775626321055 0.009173635000479408 1
1775626321228 0.01295795600162819 2
1775626321364 0.007706549999056733 3
1775626321512 0.01601003399991896 4
1775626321654 0.018413873000099557 5
1775626321790 0.00896622300024319 6
1775626321915 0.009021326000947738 7
1775626322041 0.012375021999105229 8
1775626322184 0.0091587349998008 9
1775626322316 0.009725766998599283 10
1775626322459 0.012557732999994187 11
1775626322582 0.009186835999571485 12
1775626322842 0.017593825999938417 13
1775626323097 0.011692382000546786 14
1775626323228 0.015294091999749071 15
1775626323354 0.012148107998655178 16
1775626323478 0.010914136999417678 17
1775626323603 0.01471855899944785 18
1775626323734 0.010087389000545954 19
1775626323858 0.014263732000472373 20
1775626323984 0.015576607998809777 21
1775626324118 0.010972240001137834 22
1775626324240 0.012495229000705876 23
1775626324401 0.019025608999072574 24
1775626324562 0.011637478999546147 25
1775626324741 0.018023751999862725 26
1775626324946 0.009599060000255122 27
1775626325120 0.017785137999453582 28
1775626325269 0.01860278499952983 29
1775626325419 0.008129575000566547 30
1775626325591 0.016987589999189368 31
1775626325742 0.016424658000687486 32
1775626325884 0.00792636199912522 33
1775626326030 0.013116764999722363 34
1775626326222 0.015750218999528443 35
1775626326382 0.018058454001220525 36
1775626326533 0.013081063001664006 37
1775626326709 0.01936853000006522 38
1775626326898 0.018220863001261023 39
1775626327042 0.013814404999720864 40
1775626327194 0.014439440999922226 41
1775626327336 0.010961138999846298 42
1775626327483 0.016641669999444275 43
1775626327632 0.012401621999742929 44
1775626327797 0.018770492999465205 45
1775626327950 0.018281364000358735 46
1775626328094 0.008029468001041096 47
1775626328256 0.0175480219986639 48
1775626328411 0.00986317400020198 49
1775626328550 0.015104780000910978 50
