1775626321055 2.2784883975982666 1
1775626321228 2.24015474319458 2
1775626321364 1.4634292125701904 3
1775626321512 0.3998139798641205 4
1775626321654 0.5758193731307983 5
1775626321790 0.9423701763153076 6
1775626321915 0.8617714643478394 7
1775626322041 0.8190752267837524 8
1775626322184 -0.002189159393310547 9
1775626322316 -0.6237585544586182 10
1775626322459 -1.7605535984039307 11
1775626322582 -2.426297187805176 12
1775626322842 -0.6914030909538269 13
1775626323097 -2.2762999534606934 14
1775626323228 -1.8484333753585815 15
1775626323354 -3.588782548904419 16
1775626323478 -4.0624566078186035 17
1775626323603 -1.4892603158950806 18
1775626323734 -3.610292434692383 19
1775626323858 -3.8238565921783447 20
1775626323984 -3.2580411434173584 21
1775626324118 -4.1549296379089355 22
1775626324240 -6.2334818840026855 23
1775626324401 -3.008941411972046 24
1775626324562 -4.121161460876465 25
1775626324741 -4.877499580383301 26
1775626324946 -9.125584602355957 27
1775626325120 -6.2057905197143555 28
1775626325269 -9.38845443725586 29
1775626325419 -6.05126428604126 30
1775626325591 -6.943113803863525 31
1775626325742 -11.679035186767578 32
1775626325884 -9.311822891235352 33
1775626326030 -9.883917808532715 34
1775626326222 -5.456180095672607 35
1775626326382 -13.664917945861816 36
1775626326533 -13.476334571838379 37
1775626326709 -14.625365257263184 38
1775626326898 -11.894722938537598 39
1775626327042 -14.837976455688477 40
1775626327194 -21.99810218811035 41
1775626327336 -15.873248100280762 42
1775626327483 -17.27743148803711 43
1775626327632 -15.990875244140625 44
1775626327797 -32.76633834838867 45
1775626327950 -21.062686920166016 46
1775626328094 -24.183597564697266 47
1775626328256 -16.83537483215332 48
1775626328411 -23.99832534790039 49
1775626328550 -19.679410934448242 50
