1775626235588 0.015361420999397524 1
1775626235746 0.01408954500038817 2
1775626235884 0.013158089001080953 3
1775626236044 0.00773076299992681 4
1775626236268 0.014827789000264602 5
1775626236406 0.010309318000508938 6
1775626236550 0.0172436339998967 7
1775626236683 0.012400844001604128 8
1775626236819 0.01698451900119835 9
1775626236971 0.014476767999440199 10
1775626237101 0.013521410999601358 11
1775626237232 0.013672220000444213 12
1775626237362 0.010019000999818672 13
1775626237498 0.017926174999956856 14
1775626237664 0.013614715999210603 15
1775626237794 0.011655498999971314 16
1775626237941 0.016600594999545137 17
1775626238134 0.01073604399971373 18
1775626238362 0.01756835299966042 19
1775626238500 0.012572954001370817 20
1775626238654 0.016709002000425244 21
1775626238813 0.016957517000264488 22
1775626238954 0.015355420000560116 23
1775626239203 0.016078041000582743 24
1775626239337 0.012006101998849772 25
1775626239467 0.012170013000286417 26
1775626239597 0.009416051001608139 27
1775626239833 0.00930174499990244 28
1775626240013 0.011505474001751281 29
1775626240158 0.018100458999469993 30
1775626240299 0.014018021000083536 31
1775626240444 0.00799716800065653 32
1775626240635 0.009085032001166837 33
1775626240771 0.015748122001241427 34
1775626240899 0.01345568800024921 35
1775626241028 0.016384358999857795 36
1775626241346 0.01193939900076657 37
1775626241620 0.018626189999849885 38
1775626241755 0.012785549000909668 39
1775626241901 0.015107884000826743 40
1775626242044 0.01664987399999518 41
1775626242190 0.01484696900115523 42
1775626242331 0.011554876000445802 43
1775626242465 0.011264958999163355 44
1775626242631 0.01706429899968498 45
1775626242931 0.01447524700051872 46
1775626243077 0.018057257000691607 47
1775626243226 0.014844369001366431 48
1775626243356 0.01200890200016147 49
1775626243554 0.009762571000464959 50
