1775626235588 1.2116879224777222 1
1775626235746 1.4499602317810059 2
1775626235884 2.1687819957733154 3
1775626236044 0.6690292358398438 4
1775626236268 -0.32326287031173706 5
1775626236406 -1.0862810611724854 6
1775626236550 -1.1770410537719727 7
1775626236683 -1.4648559093475342 8
1775626236819 -1.8640235662460327 9
1775626236971 -1.5900722742080688 10
1775626237101 -2.2447280883789062 11
1775626237232 -2.535222053527832 12
1775626237362 -1.802237629890442 13
1775626237498 -3.9914004802703857 14
1775626237664 -0.8955295085906982 15
1775626237794 -3.3112242221832275 16
1775626237941 -2.3210577964782715 17
1775626238134 -3.559854030609131 18
1775626238362 -3.781757116317749 19
1775626238500 -5.52031135559082 20
1775626238654 -5.033456802368164 21
1775626238813 -4.927001953125 22
1775626238954 -7.089964389801025 23
1775626239203 -7.590372085571289 24
1775626239337 -6.604269981384277 25
1775626239467 -8.239500045776367 26
1775626239597 -7.526303291320801 27
1775626239833 -8.501019477844238 28
1775626240013 -9.180503845214844 29
1775626240158 -9.163751602172852 30
1775626240299 -10.084565162658691 31
1775626240444 -10.854802131652832 32
1775626240635 -13.621587753295898 33
1775626240771 -12.661964416503906 34
1775626240899 -15.032601356506348 35
1775626241028 -15.254295349121094 36
1775626241346 -15.67259407043457 37
1775626241620 -11.733078956604004 38
1775626241755 -17.830976486206055 39
1775626241901 -16.71324348449707 40
1775626242044 -16.899154663085938 41
1775626242190 -20.48429298400879 42
1775626242331 -22.829744338989258 43
1775626242465 -22.31546401977539 44
1775626242631 -25.18497085571289 45
1775626242931 -24.62614631652832 46
1775626243077 -32.71780776977539 47
1775626243226 -26.00443458557129 48
1775626243356 -31.635894775390625 49
1775626243554 -34.56175231933594 50
