1775626310516 0.013180466999983764 1
1775626310668 0.014809559999775956 2
1775626310851 0.02080291000129364 3
1775626311005 0.010477609001100063 4
1775626311137 0.016669369000737788 5
1775626311265 0.016206942000280833 6
1775626311406 0.019260220000433037 7
1775626311589 0.008963820999269956 8
1775626311718 0.010085285999593907 9
1775626311853 0.016385151999202208 10
1775626311991 0.008244979000664898 11
1775626312133 0.009110429999054759 12
1775626312259 0.012190108000140754 13
1775626312400 0.01409811899975466 14
1775626312527 0.009293039998738095 15
1775626312664 0.00763144400116289 16
1775626312995 0.019255818999226904 17
1775626313115 0.009334342001238838 18
1775626313249 0.017864638000901323 19
1775626313372 0.00793856199925358 20
1775626313490 0.00804476700068335 21
1775626313621 0.01830386300025566 22
1775626313763 0.009676862000560504 23
1775626313895 0.008802512000329443 24
1775626314032 0.011151247999805491 25
1775626314212 0.01190939200023422 26
1775626314485 0.008206476999475854 27
1775626314609 0.014504343000226072 28
1775626314741 0.010955337000268628 29
1775626314870 0.01589862400032871 30
1775626315020 0.00723532099982549 31
1775626315145 0.008680004999405355 32
1775626315278 0.008021566000024904 33
1775626315413 0.01618574100029946 34
1775626315673 0.017759532998752547 35
1775626315798 0.014004914000906865 36
1775626315927 0.017480816000897903 37
1775626316083 0.012730839998766896 38
1775626316218 0.015835821001019212 39
1775626316366 0.015987528999175993 40
1775626316494 0.013688794999325182 41
1775626316633 0.008267880999483168 42
1775626316761 0.014515644001221517 43
1775626316886 0.01242802199885773 44
1775626317008 0.01255492900054378 45
1775626317132 0.012508527001045877 46
1775626317259 0.01579901900004188 47
1775626317385 0.014479842000582721 48
1775626317511 0.009046526000020094 49
1775626317640 0.01258013099868549 50
