1775626310516 -0.23842021822929382 1
1775626310668 -0.2671065032482147 2
1775626310851 -1.1266402006149292 3
1775626311005 -0.1960017830133438 4
1775626311137 -1.5819461345672607 5
1775626311265 -0.7400192022323608 6
1775626311406 -1.6672301292419434 7
1775626311589 -1.9188430309295654 8
1775626311718 -2.432248592376709 9
1775626311853 -2.0500242710113525 10
1775626311991 -3.4229423999786377 11
1775626312133 -1.2203865051269531 12
1775626312259 -0.9573957920074463 13
1775626312400 -2.4396159648895264 14
1775626312527 -0.5702410340309143 15
1775626312664 -4.592210292816162 16
1775626312995 -2.1713175773620605 17
1775626313115 -1.753112554550171 18
1775626313249 -4.397171974182129 19
1775626313372 -5.374792575836182 20
1775626313490 -4.683236598968506 21
1775626313621 -5.918929576873779 22
1775626313763 -4.933151721954346 23
1775626313895 -5.919701099395752 24
1775626314032 -1.9384478330612183 25
1775626314212 -7.967073440551758 26
1775626314485 -6.508015155792236 27
1775626314609 -5.888888359069824 28
1775626314741 -7.232734203338623 29
1775626314870 -5.3764753341674805 30
1775626315020 -5.787940502166748 31
1775626315145 -12.53406047821045 32
1775626315278 -6.779327392578125 33
1775626315413 -4.27836799621582 34
1775626315673 -10.08985710144043 35
1775626315798 -7.5521368980407715 36
1775626315927 -11.970701217651367 37
1775626316083 -8.86883544921875 38
1775626316218 -9.313451766967773 39
1775626316366 -11.91062068939209 40
1775626316494 -12.098011016845703 41
1775626316633 -10.260001182556152 42
1775626316761 -14.378656387329102 43
1775626316886 -13.622652053833008 44
1775626317008 -15.35669231414795 45
1775626317132 -11.26009464263916 46
1775626317259 -15.969441413879395 47
1775626317385 -14.74353313446045 48
1775626317511 -15.750606536865234 49
1775626317640 -14.800904273986816 50
