1775626257494 0.01265957299983711 1
1775626257643 0.013446822000332759 2
1775626257781 0.005932762000156799 3
1775626257926 0.008880642000804073 4
1775626258075 0.014315673999590217 5
1775626258211 0.00598506499954965 6
1775626258342 0.006452893998357467 7
1775626258465 0.009219063000273309 8
1775626258585 0.005950663000476197 9
1775626258740 0.005942062000031001 10
1775626258871 0.014448482001171215 11
1775626259044 0.012192743999548838 12
1775626259186 0.007889682001405163 13
1775626259335 0.0058719589997053845 14
1775626259559 0.005936962001214852 15
1775626259692 0.011838821999845095 16
1775626259824 0.006912822000231245 17
1775626259973 0.005548737999561126 18
1775626260114 0.008598624999649473 19
1775626260244 0.006386789998941822 20
1775626260425 0.006072170999686932 21
1775626260558 0.010328031001336058 22
1775626260701 0.010206723998635425 23
1775626260831 0.007983687000887585 24
1775626260959 0.008093794000160415 25
1775626261130 0.005944762999206432 26
1775626261330 0.007805576000464498 27
1775626261449 0.005603241999779129 28
1775626261592 0.01162580999880447 29
1775626261728 0.006302583999058697 30
1775626261864 0.0058507570010988275 31
1775626262090 0.006119473999206093 32
1775626262251 0.01323080700058199 33
1775626262382 0.007883681000748766 34
1775626262513 0.006015068000124302 35
1775626262651 0.007210240000858903 36
1775626262897 0.008203901001252234 37
1775626263024 0.008280706000732607 38
1775626263162 0.011038773000109359 39
1775626263292 0.009752194999236963 40
1775626263432 0.006598803000088083 41
1775626263566 0.00883423899904301 42
1775626263695 0.007661468000151217 43
1775626263812 0.0062152789996616775 44
1775626263949 0.01272167599927343 45
1775626264090 0.009814398999878904 46
1775626264241 0.00606237000101828 47
1775626264442 0.007330447000640561 48
1775626264589 0.006148576001578476 49
1775626264725 0.006009867000102531 50
