1775626257494 -0.5788520574569702 1
1775626257643 -3.8940951824188232 2
1775626257781 -0.5260945558547974 3
1775626257926 -5.217447757720947 4
1775626258075 -0.015622556209564209 5
1775626258211 -5.655313491821289 6
1775626258342 -5.252901554107666 7
1775626258465 0.01582498475909233 8
1775626258585 -8.831947326660156 9
1775626258740 -6.553842544555664 10
1775626258871 -6.970025062561035 11
1775626259044 -4.316633701324463 12
1775626259186 -3.4142212867736816 13
1775626259335 -3.7389845848083496 14
1775626259559 -4.043904781341553 15
1775626259692 -5.070146083831787 16
1775626259824 -9.234006881713867 17
1775626259973 -6.585048198699951 18
1775626260114 -14.393757820129395 19
1775626260244 -6.63022518157959 20
1775626260425 -10.019569396972656 21
1775626260558 -5.813168048858643 22
1775626260701 -13.949141502380371 23
1775626260831 -6.436305522918701 24
1775626260959 -8.514665603637695 25
1775626261130 -10.729456901550293 26
1775626261330 -14.71973991394043 27
1775626261449 -13.45267391204834 28
1775626261592 -14.945189476013184 29
1775626261728 -4.501126289367676 30
1775626261864 -12.752248764038086 31
1775626262090 -15.362702369689941 32
1775626262251 -14.692161560058594 33
1775626262382 -11.311956405639648 34
1775626262513 -9.216437339782715 35
1775626262651 -12.452966690063477 36
1775626262897 -15.88347053527832 37
1775626263024 -17.63304901123047 38
1775626263162 -10.941774368286133 39
1775626263292 -13.065722465515137 40
1775626263432 -17.06610870361328 41
1775626263566 -16.525558471679688 42
1775626263695 -24.406896591186523 43
1775626263812 -19.76805305480957 44
1775626263949 -14.523183822631836 45
1775626264090 -15.621284484863281 46
1775626264241 -20.83428382873535 47
1775626264442 -18.90982437133789 48
1775626264589 -25.596412658691406 49
1775626264725 -15.631464958190918 50
